# stan_version_major = 2
# stan_version_minor = 29
# stan_version_patch = 0
# model = code_4_model
# start_datetime = 2023-03-30 12:58:30 UTC
# method = sample (Default)
#   sample
#     num_samples = 6000
#     num_warmup = 1000 (Default)
#     save_warmup = 0 (Default)
#     thin = 1 (Default)
#     adapt
#       engaged = 1 (Default)
#       gamma = 0.050000000000000003 (Default)
#       delta = 0.80000000000000004 (Default)
#       kappa = 0.75 (Default)
#       t0 = 10 (Default)
#       init_buffer = 75 (Default)
#       term_buffer = 50 (Default)
#       window = 25 (Default)
#     algorithm = hmc (Default)
#       hmc
#         engine = nuts (Default)
#           nuts
#             max_depth = 10 (Default)
#         metric = diag_e (Default)
#         metric_file =  (Default)
#         stepsize = 1 (Default)
#         stepsize_jitter = 0 (Default)
#     num_chains = 1 (Default)
# id = 3
# data
#   file =  (Default)
# init = 2 (Default)
# random
#   seed = 4838282
# output
#   file = /home/lab2/samples/code_4-20230330125829_3.csv
#   diagnostic_file =  (Default)
#   refresh = 100 (Default)
#   sig_figs = -1 (Default)
#   profile_file = profile.csv (Default)
# num_threads = 1 (Default)
# stanc_version = stanc3 v2.29.0
# stancflags = 
lp__,accept_stat__,stepsize__,treedepth__,n_leapfrog__,divergent__,energy__,theta
# Adaptation terminated
# Step size = 0.246045
# Diagonal elements of inverse mass matrix:
# 0.768993
-0.71998,0.999204,0.246045,1,3,0,0.731943,0.38517
-0.702276,1,0.246045,2,3,0,0.721255,0.354297
-0.656066,0.999824,0.246045,2,5,0,0.75332,0.167509
-1.08931,0.6977,0.246045,2,4,1,2.01751,0.835505
-0.763492,0.666667,0.246045,1,3,1,2.47991,0.451963
-0.701558,0.999564,0.246045,2,7,0,0.812409,0.0992758
-0.67713,1,0.246045,1,1,0,0.696389,0.12366
-0.67713,0,0.246045,0,1,1,1.00781,0.12366
-0.928482,0.95545,0.246045,2,7,0,1.10196,0.659545
-0.765581,0.8,0.246045,2,5,1,0.968933,0.454953
-1.34206,0.74466,0.246045,2,4,1,2.13975,1.09108
-2.73289,0.898302,0.246045,3,10,1,2.76361,2.35786
-2.88605,0.999884,0.246045,1,3,0,3.00851,2.49141
-1.99914,0.857143,0.246045,2,7,1,3.24135,1.70616
-1.98329,0.999968,0.246045,2,3,0,2.05548,1.69179
-1.35369,0.857143,0.246045,2,7,1,2.13776,1.10246
-0.954915,0.9997,0.246045,2,7,0,1.62538,0.689604
-0.850214,1,0.246045,3,7,0,0.958577,0.566524
-0.683192,0.666667,0.246045,1,3,1,1.41382,0.316411
-0.715988,0.99867,0.246045,1,3,0,0.741077,0.378463
-0.662255,0.964907,0.246045,1,3,0,0.826468,0.26167
-1.07751,1,0.246045,1,1,0,1.24994,0.0144384
-0.711875,0.407028,0.246045,1,1,0,1.97948,0.37141
-0.817272,0.902858,0.246045,2,7,0,0.83637,0.524913
-0.703603,0.998598,0.246045,2,7,0,1.05536,0.356724
-0.660275,0.5,0.246045,1,2,1,1.06526,0.153802
-0.709075,0.991961,0.246045,2,5,0,0.788137,0.366519
-0.709297,0.999995,0.246045,1,1,0,0.711069,0.36691
-0.652723,0.998714,0.246045,2,5,0,0.712645,0.189402
-1.02552,0.811478,0.246045,1,1,0,1.18279,0.0181056
-0.657206,0.908591,0.246045,1,1,0,1.17163,0.242008
-0.716759,0.717496,0.246045,1,3,0,0.88187,0.379769
-0.726826,0.999841,0.246045,2,3,0,0.731451,0.396389
-1.04639,0.746917,0.246045,2,4,1,1.30595,0.789957
-0.652686,0.75,0.246045,2,4,1,1.23152,0.189947
-1.04275,0.729537,0.246045,2,4,1,1.2546,0.786057
-0.964747,0.999881,0.246045,1,3,0,1.08588,0.700647
-0.689424,0.74949,0.246045,2,4,1,1.57273,0.109898
-0.689424,0,0.246045,0,1,1,1.52153,0.109898
-0.653106,0.941621,0.246045,2,3,0,0.874077,0.184937
-0.653106,0,0.246045,0,1,1,1.54267,0.184937
-0.693247,0.996475,0.246045,1,3,0,0.904906,0.337154
-0.652385,0.998276,0.246045,2,5,0,0.716944,0.197133
-0.955461,1,0.246045,1,1,0,0.967469,0.0247737
-0.955461,0,0.246045,0,1,1,1.93201,0.0247737
-0.955461,0,0.246045,0,1,1,3.68269,0.0247737
-0.955461,0,0.246045,1,1,0,1.52303,0.0247737
-0.65327,1,0.246045,1,1,0,0.932619,0.183417
-0.65327,0,0.246045,0,1,1,1.40617,0.183417
-0.65327,0,0.246045,0,1,1,1.06556,0.183417
-0.692896,0.997851,0.246045,2,3,0,0.912971,0.336463
-0.93083,0.49198,0.246045,1,2,1,1.93301,0.662238
-2.86635,0.878474,0.246045,3,9,1,4.17503,2.47427
-3.93425,0.999663,0.246045,3,9,0,4.08977,3.39167
-3.67222,0.99994,0.246045,2,7,0,4.34621,3.16842
-3.58466,0.999998,0.246045,3,7,0,3.70691,3.0936
-3.58137,1,0.246045,1,1,0,3.59106,3.09078
-3.58504,1,0.246045,2,3,0,3.59127,3.09392
-3.20422,0.999981,0.246045,2,5,0,3.71286,2.76693
-2.19451,0.857143,0.246045,2,7,1,3.69785,1.88209
-1.57855,0.857143,0.246045,2,7,1,2.32525,1.31808
-1.97809,0.799437,0.246045,2,5,1,3.24421,1.68707
-2.78448,0.99918,0.246045,2,7,0,3.05673,2.40292
-2.20323,0.999872,0.246045,2,7,0,3.2284,1.88989
-2.54328,0.999818,0.246045,3,7,0,2.55307,2.19154
-2.52203,1,0.246045,1,1,0,2.54391,2.17283
-1.88077,0.888882,0.246045,3,9,1,2.65793,1.59842
-1.90229,0.999976,0.246045,1,1,0,1.90266,1.61808
-1.70398,0.857119,0.246045,2,7,1,2.16703,1.43549
-1.72408,0.999972,0.246045,1,1,0,1.72452,1.45415
-2.34734,0.833051,0.246045,2,6,1,2.91593,2.01833
-1.38981,0.83326,0.246045,2,6,1,3.96637,1.13764
-0.8849,0.999375,0.246045,2,7,0,1.89489,0.608602
-0.696504,1,0.246045,2,7,0,0.892569,0.343476
-0.682778,0.999518,0.246045,3,7,0,0.742159,0.315509
-0.682778,0,0.246045,0,1,1,3.79344,0.315509
-0.731981,0.999071,0.246045,3,7,0,0.747352,0.404626
-0.735579,0.999937,0.246045,1,1,0,0.7365,0.41028
-0.913002,0.664777,0.246045,1,3,1,1.39279,0.641664
-0.749812,0.833287,0.246045,2,6,1,0.957598,0.43197
-0.669515,0.5,0.246045,1,2,1,1.53046,0.134759
-0.698457,0.48211,0.246045,1,2,1,1.12847,0.347187
-0.933011,0.329135,0.246045,2,3,0,1.88173,0.664736
-0.686484,0.5,0.246045,1,2,1,2.02031,0.323437
-0.668673,0.997464,0.246045,2,7,0,0.744864,0.136175
-0.666286,0.999546,0.246045,2,5,0,0.679416,0.274383
-0.652793,0.999766,0.246045,2,7,0,0.675132,0.188448
-0.67056,0.996613,0.246045,2,3,0,0.712025,0.133066
-0.820573,0.977813,0.246045,2,3,0,0.821198,0.0476393
-0.968765,0.661431,0.246045,1,1,0,1.38189,0.0233196
-0.968765,0,0.246045,0,1,1,2.04455,0.0233196
-0.677196,1,0.246045,1,1,0,0.827378,0.123575
-0.677196,0,0.246045,0,1,1,1.94143,0.123575
-0.67764,0.485612,0.246045,1,2,1,0.989422,0.303901
-1.06953,1,0.246045,1,1,0,1.12416,0.0149449
-1.06953,0.552449,0.246045,3,15,0,1.94034,0.0149449
-0.670433,1,0.246045,1,1,0,0.860112,0.133268
-0.897055,0.896137,0.246045,1,1,0,0.922894,0.0325308
-0.815537,0.171696,0.246045,1,2,1,3.2101,0.522668
-1.01358,0.83236,0.246045,2,6,1,1.07285,0.754532
-0.665342,0.999756,0.246045,2,7,0,1.11286,0.271557
-1.56105,0.722579,0.246045,2,4,1,2.3683,1.30155
-1.10796,0.666667,0.246045,1,3,1,3.46831,0.855053
-1.03732,0.857127,0.246045,2,7,1,1.13728,0.780216
-1.68687,0.797573,0.246045,2,5,1,2.47425,1.41956
-1.80736,0.999762,0.246045,1,3,0,1.88722,1.53108
-1.20048,0.8,0.246045,2,5,1,2.427,0.950161
-1.1299,0.999965,0.246045,1,3,0,1.22635,0.877863
-1.13223,0.999991,0.246045,1,1,0,1.13655,0.880277
-1.14439,0.999955,0.246045,1,1,0,1.14547,0.892847
-0.991931,0.999638,0.246045,2,5,0,1.35221,0.730829
-3.25493,0.867068,0.246045,3,8,1,4.12195,2.81062
-2.91837,0.99998,0.246045,3,7,0,3.39411,2.51951
-2.78334,0.999976,0.246045,1,3,0,3.00683,2.40193
-3.11376,0.999867,0.246045,2,5,0,3.20015,2.68883
-3.10738,1,0.246045,1,1,0,3.11868,2.68332
-4.45936,0.999636,0.246045,3,11,0,4.80152,3.83639
-2.04695,0.875,0.246045,3,8,1,5.30515,1.74942
-2.35925,0.999857,0.246045,4,15,0,2.49227,2.0289
-1.65197,0.874989,0.246045,3,8,1,2.55699,1.38701
-1.63533,1,0.246045,1,1,0,1.65288,1.37144
-1.21782,0.99982,0.246045,2,7,0,1.8847,0.967682
-1.48684,0.85681,0.246045,2,7,1,1.56154,1.23105
-1.0022,0.833266,0.246045,2,6,1,1.8996,0.742111
-0.900422,0.999751,0.246045,2,5,0,1.09605,0.626964
-0.654338,0.5,0.246045,1,2,1,2.80124,0.175883
-0.988773,0.436242,0.246045,1,2,1,4.00996,0.727348
-0.723521,0.999556,0.246045,2,7,0,1.15922,0.391015
-0.982434,0.74762,0.246045,2,4,1,1.14938,0.720341
-1.27713,0.998481,0.246045,2,7,0,1.40083,1.02704
-1.74166,0.832932,0.246045,2,6,1,2.05954,1.47044
-1.72309,1,0.246045,1,1,0,1.74231,1.45323
-1.42562,0.999602,0.246045,3,9,0,2.42521,1.17229
-1.51373,0.999775,0.246045,1,3,0,1.55229,1.25668
-2.19892,0.873914,0.246045,3,8,1,2.94304,1.88603
-1.9409,0.999787,0.246045,2,7,0,2.65767,1.65327
-3.56373,0.998595,0.246045,3,15,0,4.22419,3.07569
-4.70436,0.908998,0.246045,3,11,1,4.8902,4.04288
-3.93571,0.999925,0.246045,2,7,0,5.48587,3.39291
-3.82588,0.999994,0.246045,1,3,0,3.98257,3.29946
-2.28926,0.99985,0.246045,3,13,0,5.23952,1.96668
-3.03901,0.85698,0.246045,2,7,1,3.85288,2.62416
-2.96127,0.999988,0.246045,3,7,0,3.12756,2.55677
-2.28488,0.999843,0.246045,2,7,0,3.59816,1.96277
-1.94559,0.999827,0.246045,4,15,0,2.87756,1.65753
-0.874131,0.999935,0.246045,4,15,0,2.18111,0.595702
-2.47991,0.986868,0.246045,3,11,0,3.33917,2.13569
-4.32712,0.99918,0.246045,4,15,0,4.38051,3.7247
-2.48035,0.999934,0.246045,3,13,0,5.21624,2.13608
-2.28844,0.99993,0.246045,2,5,0,2.70216,1.96595
-1.5637,0.874852,0.246045,3,8,1,3.12419,1.30405
-1.87898,0.999566,0.246045,2,5,0,1.97746,1.59678
-1.1348,0.75,0.246045,2,4,1,2.88709,0.882938
-1.05633,0.999921,0.246045,1,3,0,1.17292,0.800576
-2.72065,0.870578,0.246045,3,8,1,3.06579,2.34716
-3.63194,0.856996,0.246045,2,7,1,4.86763,3.13401
-3.77688,0.99994,0.246045,1,3,0,3.87667,3.25771
-3.31204,0.999972,0.246045,2,7,0,4.0008,2.85978
-2.05573,0.899942,0.246045,3,10,1,4.1957,1.75734
-2.79161,0.99933,0.246045,2,7,0,2.99546,2.40915
-2.79659,0.999998,0.246045,1,1,0,2.80195,2.41349
-2.64647,0.999966,0.246045,1,3,0,2.914,2.28221
-1.62729,0.833273,0.246045,2,6,1,4.42011,1.3639
-1.22597,0.999829,0.246045,2,5,0,1.85164,0.975898
-1.21525,1,0.246045,1,1,0,1.22757,0.96509
-2.73779,0.99694,0.246045,3,9,0,2.79919,2.36215
-1.13008,0.888804,0.246045,3,9,1,3.49664,0.878054
-0.680372,0.8,0.246045,2,5,1,1.28914,0.310172
-0.660337,0.999619,0.246045,1,3,0,0.701051,0.254867
-0.660337,0,0.246045,0,1,1,3.71207,0.254867
-0.682008,0.998426,0.246045,1,3,0,0.707165,0.313817
-0.682008,0,0.246045,0,1,1,3.18146,0.313817
-0.653975,0.996457,0.246045,2,5,0,0.747433,0.223607
-0.824312,0.983589,0.246045,2,3,0,0.91225,0.0467161
-0.677634,0.397689,0.246045,1,2,1,1.33409,0.303888
-0.732595,0.5,0.246045,1,2,1,1.08173,0.0793837
-0.732595,0,0.246045,0,1,1,1.49342,0.0793837
-0.732595,0,0.246045,0,1,1,3.02428,0.0793837
-0.679195,0.455367,0.246045,1,2,1,1.18936,0.3075
-0.682515,0.9999,0.246045,1,1,0,0.682624,0.314932
-0.773505,0.999587,0.246045,3,7,0,0.822376,0.466158
-1.29154,0.993632,0.246045,2,7,0,1.45735,1.04134
-1.18132,0.999872,0.246045,1,3,0,1.3727,0.930693
-2.21453,0.873469,0.246045,3,8,1,2.26111,1.89999
-1.96446,0.999991,0.246045,2,5,0,2.25388,1.67469
-1.53527,0.999881,0.246045,2,5,0,2.1987,1.27714
-0.885579,0.999793,0.246045,4,15,0,1.89375,0.60941
-1.16075,0.747607,0.246045,2,4,1,1.98817,0.909666
-1.59476,0.832531,0.246045,2,6,1,1.88044,1.33334
-0.9592,0.874935,0.246045,3,8,1,1.80382,0.694427
-0.786383,0.666667,0.246045,1,3,1,1.34249,0.483953
-0.680571,0.666667,0.246045,1,3,1,1.04299,0.310621
-0.67916,0.999958,0.246045,2,3,0,0.684682,0.30742
-0.885403,0.49175,0.246045,1,2,1,1.74097,0.609201
-0.805608,0.999693,0.246045,1,3,0,0.953088,0.509699
-0.798007,1,0.246045,1,1,0,0.806142,0.499627
-1.04482,0.664744,0.246045,1,3,1,1.81008,0.78827
-1.11183,0.999644,0.246045,1,3,0,1.1371,0.859091
-1.01517,0.999839,0.246045,1,3,0,1.18093,0.756261
-0.827538,0.952049,0.246045,1,3,0,1.42807,0.538081
-0.818286,1,0.246045,1,1,0,0.827885,0.526223
-0.652466,0.5,0.246045,1,2,1,1.76024,0.205901
-0.890071,0.992315,0.246045,2,5,0,0.96599,0.614749
-0.72842,0.714239,0.246045,2,7,0,0.940183,0.398955
-0.72842,0,0.246045,0,1,1,4.22697,0.398955
-0.86007,0.998207,0.246045,2,5,0,0.890467,0.578641
-0.853066,1,0.246045,1,1,0,0.861179,0.570045
-0.661706,0.5,0.246045,1,2,1,1.74072,0.259782
-0.668335,0.999639,0.246045,2,3,0,0.672384,0.280262
-0.653187,0.995218,0.246045,1,3,0,0.747282,0.184161
-0.653187,0,0.246045,0,1,1,1.57096,0.184161
-0.658652,0.999416,0.246045,1,3,0,0.662173,0.158418
-0.658652,0,0.246045,0,1,1,1.50077,0.158418
-0.664108,0.998001,0.246045,2,7,0,0.686102,0.267735
-0.804728,0.803351,0.246045,2,5,0,0.888092,0.50854
-0.677558,0.666667,0.246045,1,3,1,1.17294,0.303711
-0.677558,0,0.246045,0,1,1,4.41288,0.303711
-0.850138,1,0.246045,2,3,0,1.00236,0.0409295
-0.850138,0,0.246045,0,1,1,2.4582,0.0409295
-0.877259,0.821039,0.246045,2,3,0,1.05421,0.03579
-0.772329,1,0.246045,1,1,0,0.861097,0.0621175
-1.0328,0.624199,0.246045,2,4,1,1.3941,0.775352
-1.71839,0.662647,0.246045,1,3,1,6.23445,1.44887
-2.00554,0.999391,0.246045,3,9,0,2.61082,1.71196
-1.31251,0.888889,0.246045,3,9,1,2.00408,1.06205
-1.51645,0.857021,0.246045,2,7,1,1.54324,1.25926
-0.791984,0.999912,0.246045,4,15,0,1.70909,0.491548
-1.31093,0.488974,0.246045,1,2,1,4.50505,1.06049
-2.53914,0.873353,0.246045,3,8,1,2.87925,2.1879
-2.4293,0.999982,0.246045,1,3,0,2.59245,2.09096
-2.33144,1,0.246045,2,3,0,2.43014,2.0042
-3.57542,0.908674,0.246045,3,11,1,3.8584,3.08569
-3.04001,0.999942,0.246045,2,7,0,3.90804,2.62503
-2.43607,0.999885,0.246045,2,7,0,3.51548,2.09695
-3.48489,0.999321,0.246045,3,9,0,4.01796,3.00818
-3.53832,0.999908,0.246045,3,7,0,3.90439,3.05394
-3.56132,0.999998,0.246045,2,3,0,3.56193,3.07363
-3.76179,0.999917,0.246045,2,5,0,3.98423,3.24484
-1.39049,0.899994,0.246045,3,10,1,4.14418,1.13829
-0.721697,0.99904,0.246045,3,9,0,2.03053,0.0854929
-0.721697,0,0.246045,0,1,1,1.6273,0.0854929
-0.721697,0,0.246045,0,1,1,1.37116,0.0854929
-1.41053,0.588501,0.246045,2,4,1,2.3291,1.15771
-1.05699,0.666667,0.246045,1,3,1,2.59373,0.801287
-1.15944,0.999352,0.246045,1,3,0,1.23586,0.908325
-0.754984,0.799859,0.246045,2,5,1,1.54338,0.439616
-0.840174,0.987597,0.246045,3,7,0,0.956919,0.0430472
-0.693214,0.359823,0.246045,1,2,1,1.54861,0.337091
-0.775867,0.989647,0.246045,2,5,0,0.788498,0.469458
-0.819514,0.999342,0.246045,1,3,0,0.836938,0.527806
-0.669642,0.999562,0.246045,2,5,0,0.898107,0.283856
-0.669642,0,0.246045,0,1,1,1.59069,0.283856
-0.825172,0.993828,0.246045,2,5,0,0.916048,0.535063
-1.02916,0.832374,0.246045,2,6,1,1.09147,0.77142
-1.04811,0.99997,0.246045,2,3,0,1.04813,0.791793
-1.05596,0.999964,0.246045,1,1,0,1.0579,0.800188
-0.853749,1,0.246045,1,3,0,1.51542,0.570886
-0.662526,0.75,0.246045,2,4,1,0.99796,0.262582
-0.729583,0.665047,0.246045,1,3,0,0.893814,0.400816
-0.677942,0.997488,0.246045,2,5,0,0.799081,0.304607
-0.683322,0.998435,0.246045,3,7,0,0.728636,0.116243
-0.737834,0.456905,0.246045,1,2,1,1.59505,0.413786
-1.01232,0.662825,0.246045,1,3,1,2.09848,0.753163
-1.00118,1,0.246045,2,3,0,1.01317,0.740995
-1.20619,0.999315,0.246045,3,7,0,1.2217,0.955941
-1.1989,1,0.246045,1,1,0,1.20879,0.948556
-0.668906,0.999605,0.246045,2,7,0,1.44916,0.281846
-0.759277,0.664652,0.246045,1,3,1,0.9945,0.44588
-0.653488,0.5,0.246045,1,2,1,1.21606,0.219614
-1.1926,0.727775,0.246045,2,4,1,1.53289,0.942163
-0.884887,0.666667,0.246045,1,3,1,2.22407,0.608587
-0.82245,1,0.246045,3,7,0,0.88428,0.53158
-0.822846,0.997404,0.246045,2,7,0,1.08882,0.0470752
-1.00037,0.558608,0.246045,3,8,1,2.03538,0.740098
-0.727321,1,0.246045,1,3,0,2.0989,0.397188
-1.11924,0.794714,0.246045,2,5,1,1.51621,0.8668
-1.01785,0.999825,0.246045,1,3,0,1.19674,0.759174
-0.866408,0.833333,0.246045,2,6,1,1.03768,0.586363
-0.872453,0.999993,0.246045,3,7,0,0.873994,0.59368
-0.704961,0.666667,0.246045,1,3,1,1.36229,0.359185
-0.700728,1,0.246045,1,1,0,0.705147,0.351437
-0.680822,0.999576,0.246045,3,7,0,0.74394,0.311182
-1.05038,0.98447,0.246045,2,7,0,1.48362,0.794232
-1.14969,0.731139,0.246045,2,7,0,1.22093,0.898297
-1.20552,0.999855,0.246045,2,3,0,1.2088,0.955261
-1.08291,0.99997,0.246045,3,7,0,1.24475,0.828761
-0.845976,0.999816,0.246045,2,5,0,1.16907,0.56127
-0.700213,0.666667,0.246045,1,3,1,1.23568,0.350479
-0.849382,0.664429,0.246045,1,3,1,1.26287,0.565495
-0.785264,0.869852,0.246045,2,7,0,0.892888,0.482426
-0.777965,1,0.246045,2,3,0,0.785695,0.472376
-0.912415,0.99908,0.246045,3,7,0,0.912494,0.640981
-0.652856,0.5,0.246045,1,2,1,2.84143,0.187658
-0.652856,0,0.246045,0,1,1,4.38,0.187658
-0.652856,0,0.246045,0,1,1,2.13992,0.187658
-0.652856,0,0.246045,0,1,1,2.02405,0.187658
-0.654931,0.999793,0.246045,1,3,0,0.656089,0.172668
-0.654931,0,0.246045,0,1,1,3.44769,0.172668
-0.653196,0.999886,0.246045,2,5,0,0.657818,0.216813
-1.14827,0.970862,0.246045,2,7,0,1.44031,0.896839
-2.31988,0.795335,0.246045,2,5,1,4.97529,1.99393
-2.32085,0.999999,0.246045,1,1,0,2.32773,1.99478
-0.652383,0.99999,0.246045,3,9,0,2.31922,0.197277
-0.652432,0.959882,0.246045,2,3,0,0.881351,0.195211
-0.660623,0.998311,0.246045,2,5,0,0.692354,0.255923
-0.660623,0,0.246045,0,1,1,2.334,0.255923
-1.05455,0.991282,0.246045,2,5,0,1.21169,0.798684
-0.701606,0.8,0.246045,2,5,1,1.12843,0.353063
-0.655083,0.997689,0.246045,3,7,0,0.767605,0.230989
-0.864206,0.481158,0.246045,1,2,1,2.05929,0.583686
-0.659198,0.999128,0.246045,2,7,0,1.03925,0.250494
-0.659198,0,0.246045,0,1,1,1.43626,0.250494
-0.659198,0,0.246045,0,1,1,2.38326,0.250494
-0.659361,0.999992,0.246045,1,1,0,0.65966,0.251139
-0.658639,1,0.246045,2,3,0,0.659425,0.248238
-0.850825,0.793765,0.246045,2,5,0,1.01956,0.56728
-0.683563,0.435786,0.246045,3,7,0,0.932334,0.317217
-0.680668,0.5,0.246045,1,2,1,1.02191,0.119283
-0.904582,0.923106,0.246045,2,7,0,1.43501,0.631842
-0.890772,1,0.246045,1,1,0,0.904619,0.61558
-0.735858,0.666667,0.246045,1,3,1,1.25471,0.410716
-0.745116,0.999948,0.246045,2,3,0,0.745131,0.424924
-1.03531,0.743458,0.246045,2,4,1,2.21572,0.778058
-1.40554,0.747822,0.246045,2,4,1,2.72708,1.15288
-1.81912,0.999245,0.246045,2,5,0,1.85087,1.54189
-1.79532,0.999994,0.246045,2,3,0,1.83604,1.52
-1.8407,0.999916,0.246045,2,3,0,1.88246,1.56172
-2.47781,0.833084,0.246045,2,6,1,3.0644,2.13384
-2.09504,0.999952,0.246045,2,5,0,2.62698,1.79278
-0.684292,0.874991,0.246045,3,8,1,2.16759,0.318788
-0.679786,0.998955,0.246045,2,5,0,0.753611,0.120337
-0.875441,0.903255,0.246045,2,3,0,0.900013,0.0361088
-0.656774,0.968649,0.246045,2,3,0,0.80489,0.239976
-0.70271,0.996337,0.246045,3,7,0,0.814628,0.355093
-0.70271,0,0.246045,0,1,1,2.1449,0.355093
-0.674244,0.999682,0.246045,1,3,0,0.725042,0.29574
-0.828582,1,0.246045,2,3,0,1.41091,0.53941
-0.726584,0.999804,0.246045,2,5,0,0.994072,0.395998
-0.664995,0.899317,0.246045,1,3,0,0.855219,0.270498
-0.757935,0.745869,0.246045,2,4,1,1.02418,0.44393
-1.07439,0.662609,0.246045,1,3,1,2.41913,0.819768
-0.80361,1,0.246045,3,7,0,1.07246,0.507064
-0.803748,0.999998,0.246045,1,1,0,0.807015,0.507247
-1.02169,0.994645,0.246045,2,7,0,1.6129,0.763337
-1.01035,1,0.246045,1,1,0,1.02253,0.751013
-0.711027,0.79986,0.246045,2,5,1,1.24493,0.369937
-0.682127,0.999398,0.246045,2,7,0,0.710268,0.314081
-1.05634,0.480598,0.246045,1,2,1,3.37547,0.800587
-1.33959,0.85662,0.246045,2,7,1,1.44107,1.08866
-1.71429,0.999112,0.246045,2,7,0,1.89175,1.44506
-1.64553,1,0.246045,2,3,0,1.71769,1.38098
-1.60176,0.999956,0.246045,3,7,0,1.73215,1.33993
-2.53318,0.856591,0.246045,2,7,1,2.97394,2.18265
-2.31987,0.999904,0.246045,2,7,0,2.81593,1.99392
-2.60766,0.999599,0.246045,2,7,0,3.16463,2.24815
-3.80394,0.999301,0.246045,4,15,0,4.44113,3.28077
-3.91408,0.999977,0.246045,3,7,0,3.99375,3.37452
-4.02807,0.999964,0.246045,1,3,0,4.07984,3.47137
-3.09929,0.999968,0.246045,3,11,0,4.38768,2.67632
-2.68074,0.999963,0.246045,2,5,0,3.27594,2.31224
-2.97698,0.99976,0.246045,3,9,0,3.55171,2.57039
-3.92687,0.999663,0.246045,4,15,0,4.32742,3.38539
-3.91806,1,0.246045,1,1,0,3.93111,3.3779
-2.40679,0.888882,0.246045,3,9,1,4.42778,2.07104
-1.67832,0.999946,0.246045,4,15,0,2.69724,1.4116
-1.30558,0.833333,0.246045,2,6,1,1.85535,1.05521
-0.925028,0.8,0.246045,2,5,1,1.55666,0.655573
-0.685021,0.999441,0.246045,2,7,0,1.09817,0.320347
-0.838449,0.5,0.246045,1,2,1,1.15626,0.0434277
-1.92979,0.557752,0.246045,3,9,0,2.36664,1.64316
-1.96386,0.999944,0.246045,3,7,0,2.06113,1.67414
-2.5079,0.999385,0.246045,2,7,0,2.89812,2.16037
-1.9685,0.999916,0.246045,3,9,0,2.8889,1.67837
-0.957097,0.874993,0.246045,3,8,1,2.01944,0.692061
-0.70052,0.5,0.246045,1,2,1,2.04288,0.351052
-0.711982,0.998564,0.246045,3,7,0,0.809191,0.371596
-0.747339,0.99908,0.246045,1,3,0,0.765541,0.428271
-0.741759,0.999798,0.246045,2,3,0,0.769406,0.419822
-0.795603,0.998794,0.246045,1,3,0,0.833265,0.496413
-1.22998,0.800025,0.246045,2,5,0,1.32561,0.979928
-0.98661,0.799834,0.246045,2,5,1,1.80499,0.72496
-0.776923,0.999257,0.246045,2,7,0,1.12533,0.0604932
-0.707825,1,0.246045,1,1,0,0.755339,0.0945634
-0.707825,0,0.246045,0,1,1,1.36757,0.0945634
-0.660681,0.992476,0.246045,2,3,0,0.745867,0.152736
-0.851445,0.962669,0.246045,2,7,0,1.18138,0.568045
-1.06828,0.998754,0.246045,3,7,0,1.07528,0.81329
-0.783498,0.666667,0.246045,1,3,1,2.10111,0.480007
-0.652361,1,0.246045,3,7,0,0.849714,0.199208
-0.818521,0.478667,0.246045,1,2,1,1.84585,0.526526
-0.700961,0.666667,0.246045,1,3,1,1.0774,0.35187
-0.952219,0.994021,0.246045,2,7,0,1.12945,0.686564
-0.934166,0.999951,0.246045,3,7,0,0.985534,0.666056
-0.675741,0.799832,0.246045,2,5,1,1.15144,0.299394
-0.887798,0.490714,0.246045,1,2,1,1.81028,0.61205
-0.702738,0.955102,0.246045,2,5,0,0.973059,0.355143
-0.890753,0.744722,0.246045,2,4,1,1.51338,0.615556
-2.17347,0.993352,0.246045,3,9,0,2.33686,1.86324
-2.19821,0.999997,0.246045,3,7,0,2.19837,1.8854
-4.09487,0.998674,0.246045,3,9,0,4.49304,3.52805
-3.86124,0.999996,0.246045,4,15,0,4.19721,3.32956
-4.17664,0.99984,0.246045,2,7,0,4.79689,3.59735
-1.68406,0.999746,0.246045,3,15,0,6.22114,1.41695
-1.44328,0.999641,0.246045,2,7,0,2.12455,1.1893
-1.43243,1,0.246045,1,1,0,1.44529,1.17885
-1.15755,0.833333,0.246045,2,6,1,1.51547,0.906378
-1.09151,0.999973,0.246045,1,3,0,1.17988,0.83782
-0.932539,0.833333,0.246045,2,6,1,1.11047,0.664196
-0.721168,0.960861,0.246045,2,5,0,1.0352,0.387141
-0.991832,0.995507,0.246045,1,3,0,2.10853,0.730721
-1.31157,0.799383,0.246045,2,5,1,1.46323,1.06112
-1.27575,0.999948,0.246045,2,3,0,1.34929,1.02567
-1.50553,0.832988,0.246045,2,6,1,1.92985,1.24887
-1.54972,0.999901,0.246045,3,7,0,1.63386,1.29084
-0.755792,0.999933,0.246045,4,15,0,1.71405,0.440801
-0.849016,0.999121,0.246045,3,7,0,0.870453,0.565041
-1.11501,0.747267,0.246045,2,4,1,1.9273,0.862398
-0.746982,0.75,0.246045,2,4,1,1.4354,0.427736
-0.739168,1,0.246045,1,1,0,0.746993,0.415847
-0.740437,0.999979,0.246045,1,1,0,0.742313,0.417798
-1.34159,0.743068,0.246045,2,4,1,2.25146,1.09062
-1.48152,0.857062,0.246045,2,7,1,1.48545,1.22596
-1.46179,1,0.246045,2,3,0,1.4818,1.20707
-2.74381,0.997938,0.246045,3,9,0,3.11192,2.3674
-2.77518,0.999987,0.246045,2,3,0,2.79206,2.3948
-1.69445,0.8,0.246045,2,5,1,4.77089,1.42663
-1.54683,0.999778,0.246045,3,7,0,1.96265,1.2881
-2.22755,0.716356,0.246045,2,7,0,2.95471,1.91163
-1.69399,0.874949,0.246045,3,8,1,2.61853,1.42619
-1.36544,0.833333,0.246045,2,6,1,1.81506,1.11393
-1.78475,0.999282,0.246045,3,7,0,1.78477,1.51026
-1.10204,0.999863,0.246045,2,7,0,2.01192,0.848857
-1.66569,0.832442,0.246045,2,6,1,1.79624,1.39982
-1.57767,0.999975,0.246045,1,3,0,1.70122,1.31724
-2.40023,0.998125,0.246045,3,11,0,3.51388,2.06523
-1.55469,0.8,0.246045,2,5,1,3.5883,1.29554
-1.23425,0.833333,0.246045,2,6,1,1.67658,0.984222
-1.24726,0.999961,0.246045,1,1,0,1.24838,0.997258
-0.827766,0.799889,0.246045,2,5,1,1.60759,0.538371
-0.657339,0.999353,0.246045,2,7,0,0.959479,0.242618
-0.661013,0.998064,0.246045,2,5,0,0.732377,0.151888
-1.00088,0.412759,0.246045,1,2,1,4.46028,0.740659
-2.0895,0.796507,0.246045,2,5,1,2.89368,1.78779
-1.96536,0.999957,0.246045,1,3,0,2.16961,1.67551
-1.55173,0.857124,0.246045,2,7,1,2.1767,1.29274
-1.5312,1,0.246045,1,1,0,1.55198,1.27328
-1.07596,0.749635,0.246045,2,4,1,3.48772,0.821422
-1.15041,0.857034,0.246045,2,7,1,1.18291,0.899048
-1.18198,0.999917,0.246045,2,3,0,1.19138,0.931361
-1.25761,0.999706,0.246045,1,3,0,1.28769,1.0076
-0.70449,0.933144,0.246045,3,15,1,1.48871,0.358334
-0.660781,0.999716,0.246045,2,5,0,0.716169,0.152479
-0.841627,0.724793,0.246045,2,4,1,1.1513,0.555851
-1.16522,0.997526,0.246045,2,5,0,1.19562,0.914245
-1.17388,0.99997,0.246045,1,1,0,1.17596,0.923098
-0.753096,0.8,0.246045,2,5,1,1.26871,0.436839
-2.39032,0.982734,0.246045,3,9,0,2.53834,2.05645
-2.83896,0.833129,0.246045,2,6,1,4.28747,2.45042
-1.83011,0.8,0.246045,2,5,1,4.52362,1.552
-1.8201,1,0.246045,1,1,0,1.8329,1.5428
-1.83654,0.999993,0.246045,2,3,0,1.83767,1.5579
-1.54106,0.833273,0.246045,2,6,1,2.50658,1.28263
-1.39103,0.999864,0.246045,2,5,0,1.69341,1.13883
-1.09862,0.799843,0.246045,2,5,1,2.16951,0.845274
-1.28028,0.832953,0.246045,2,6,1,1.56021,1.03016
-0.777128,0.5,0.246045,1,2,1,4.33679,0.471213
-0.866515,0.998485,0.246045,2,5,0,0.965717,0.586493
-1.23727,0.996744,0.246045,2,7,0,1.49624,0.987253
-0.886759,0.999967,0.246045,2,5,0,1.27048,0.610815
-0.976802,0.833028,0.246045,2,6,1,1.0496,0.714093
-1.08399,0.833063,0.246045,2,6,1,1.17834,0.829903
-1.07362,0.999896,0.246045,2,3,0,1.1269,0.818945
-1.22713,0.833011,0.246045,2,6,1,1.42279,0.977059
-1.22023,0.99998,0.246045,2,3,0,1.2469,0.97012
-1.12448,0.85712,0.246045,2,7,1,1.2799,0.872252
-1.11287,0.999991,0.246045,3,7,0,1.14072,0.860167
-0.994944,1,0.246045,2,7,0,1.11602,0.734146
-1.43758,0.997984,0.246045,2,5,0,1.50438,1.18381
-1.08919,0.857143,0.246045,2,7,1,1.45764,0.835382
-1.64948,0.996745,0.246045,2,7,0,2.19702,1.38467
-1.98128,0.999501,0.246045,3,7,0,2.09659,1.68997
-1.88852,1,0.246045,2,3,0,1.98206,1.60551
-0.698944,0.874775,0.246045,3,8,1,2.50826,0.101381
-1.18245,0.660837,0.246045,2,4,1,1.68539,0.931839
-1.68004,0.832413,0.246045,2,6,1,2.0738,1.41321
-2.26868,0.888282,0.246045,3,9,1,2.76872,1.94834
-2.00202,0.999788,0.246045,2,7,0,2.75773,1.70877
-2.01657,0.999986,0.246045,1,1,0,2.01826,1.72195
-1.48808,0.857143,0.246045,2,7,1,2.0966,1.23223
-1.70298,0.999698,0.246045,2,5,0,1.73126,1.43456
-1.59158,0.999886,0.246045,4,15,0,1.98926,1.33036
-2.19934,0.998617,0.246045,2,7,0,2.75024,1.8864
-1.53031,0.857143,0.246045,2,7,1,2.37268,1.27243
-2.1204,0.998547,0.246045,2,7,0,2.64169,1.81561
-1.52609,0.999739,0.246045,2,7,0,2.64996,1.26843
-1.74077,0.999344,0.246045,2,7,0,2.07366,1.46962
-0.893587,0.799834,0.246045,2,5,1,3.25296,0.618911
-0.817525,0.999741,0.246045,1,3,0,0.951502,0.52524
-0.691259,0.5,0.246045,1,2,1,2.34492,0.108138
-0.691259,0,0.246045,0,1,1,2.82112,0.108138
-0.675424,0.991541,0.246045,2,7,0,0.753155,0.298627
-0.688117,0.999704,0.246045,2,3,0,0.68886,0.326832
-0.65236,0.987519,0.246045,1,3,0,0.825861,0.199687
-0.676208,0.996728,0.246045,1,3,0,0.711486,0.12487
-0.675929,0.996598,0.246045,2,3,0,0.707841,0.125243
-0.816889,0.953039,0.246045,1,1,0,0.819006,0.0485727
-0.737024,0.981521,0.246045,3,7,0,0.807449,0.41253
-0.737363,0.999999,0.246045,3,7,0,0.739616,0.413056
-1.05874,0.74718,0.246045,2,4,1,1.31138,0.803151
-0.99647,0.857129,0.246045,2,7,1,1.08062,0.735823
-0.780993,0.749607,0.246045,2,4,1,1.60001,0.476563
-0.68142,0.666667,0.246045,1,3,1,1.00855,0.312516
-0.660488,0.999599,0.246045,1,3,0,0.703664,0.255426
-0.719822,0.999525,0.246045,3,7,0,0.741092,0.0866256
-0.755242,0.708997,0.246045,2,4,1,1.00731,0.439995
-0.730948,0.999904,0.246045,2,3,0,0.768878,0.40299
-1.69957,0.864384,0.246045,3,8,1,1.97991,1.43138
-1.68623,1,0.246045,1,1,0,1.70126,1.41897
-1.44003,0.999625,0.246045,2,7,0,2.14939,1.18617
-1.08406,0.857143,0.246045,2,7,1,1.4626,0.829977
-0.854125,0.666667,0.246045,1,3,1,1.68143,0.571349
-0.807517,0.999939,0.246045,1,3,0,0.87099,0.512209
-0.782289,0.999998,0.246045,2,3,0,0.810902,0.478347
-0.682706,0.998254,0.246045,2,7,0,0.993945,0.116932
-0.682706,0,0.246045,0,1,1,0.907693,0.116932
-0.682706,0.000491546,0.246045,1,1,0,0.868524,0.116932
-0.710059,0.976992,0.246045,3,7,0,0.794189,0.368247
-0.709853,1,0.246045,1,1,0,0.711851,0.367885
-0.664626,0.992604,0.246045,3,7,0,0.775231,0.269359
-0.780082,0.431709,0.246045,3,7,0,1.16413,0.475307
-2.31656,0.865007,0.246045,3,8,1,2.42471,1.99098
-1.88206,0.833266,0.246045,2,6,1,3.74826,1.59959
-1.85439,1,0.246045,1,1,0,1.88202,1.57427
-1.87696,0.999974,0.246045,1,1,0,1.87721,1.59494
-1.90078,0.999973,0.246045,1,1,0,1.90093,1.61671
-1.58079,0.874792,0.246045,3,8,1,2.68893,1.32018
-1.41115,0.999834,0.246045,2,5,0,1.78249,1.15832
-1.09662,0.857115,0.246045,2,7,1,1.53999,0.843177
-3.3203,0.882754,0.246045,3,9,1,4.11708,2.86689
-2.60284,0.999862,0.246045,2,7,0,4.03239,2.24391
-2.04145,0.999983,0.246045,2,5,0,2.68439,1.74444
-0.723334,0.874959,0.246045,3,8,1,2.25433,0.390708
-0.709277,0.999991,0.246045,2,3,0,0.725986,0.366875
-0.654325,0.5,0.246045,1,2,1,1.02966,0.17596
-0.746165,0.484027,0.246045,1,2,1,1.33978,0.426507
-0.683306,0.999695,0.246045,2,7,0,0.782377,0.116261
-0.652533,0.999108,0.246045,3,7,0,0.698097,0.207548
-0.672199,0.996907,0.246045,1,3,0,0.712863,0.130532
-1.03419,0.56047,0.246045,1,1,0,1.42877,0.0174294
-1.51254,0.541795,0.246045,4,15,0,1.65779,1.25555
-1.20642,0.799868,0.246045,2,5,1,2.32271,0.956173
-0.957449,0.999971,0.246045,2,7,0,1.28551,0.692458
-0.669833,0.999476,0.246045,2,7,0,1.10198,0.134238
-0.653199,0.993829,0.246045,2,7,0,0.722528,0.216841
-0.820797,0.483136,0.246045,1,2,1,1.75239,0.529457
-0.660154,0.959916,0.246045,2,5,0,0.833932,0.254182
-0.652712,0.999664,0.246045,2,5,0,0.674326,0.210816
-0.717012,0.991831,0.246045,2,5,0,0.756778,0.380195
-0.819047,0.97562,0.246045,2,5,0,0.83515,0.527204
-0.879558,0.999196,0.246045,1,3,0,0.91274,0.60222
-0.713732,1,0.246045,2,5,0,0.939426,0.374614
-1.16148,0.792689,0.246045,2,5,1,1.70463,0.910415
-0.979821,0.857129,0.246045,2,7,1,1.18915,0.717445
-2.19245,0.884194,0.246045,3,9,1,2.57817,1.88024
-2.1485,0.999892,0.246045,3,7,0,2.43635,1.84085
-2.2495,0.999895,0.246045,1,3,0,2.29392,1.93124
-1.96065,0.999987,0.246045,3,7,0,2.31551,1.67123
-1.87568,0.99999,0.246045,1,3,0,1.98943,1.59376
-1.85053,1,0.246045,1,1,0,1.87571,1.57073
-1.86055,0.999949,0.246045,2,3,0,1.9184,1.57991
-1.97462,0.999825,0.246045,1,3,0,2.04059,1.68392
-2.11297,0.999682,0.246045,3,7,0,2.406,1.80892
-2.54574,0.999556,0.246045,4,15,0,3.10986,2.19371
-2.4716,1,0.246045,2,3,0,2.55007,2.12835
-2.96041,0.999634,0.246045,2,5,0,3.23667,2.55602
-3.33921,0.999847,0.246045,2,7,0,3.468,2.88314
-3.33756,1,0.246045,1,1,0,3.34628,2.88173
-2.02558,0.999964,0.246045,3,11,0,3.68666,1.7301
-2.16763,0.999802,0.246045,1,3,0,2.27924,1.85801
-2.12717,0.999998,0.246045,2,3,0,2.17985,1.82169
-1.06148,0.8,0.246045,2,5,1,2.86322,0.806071
-1.57564,0.799043,0.246045,2,5,1,2.03241,1.31533
-1.15332,0.749718,0.246045,2,4,1,3.19442,0.902035
-0.99989,0.999915,0.246045,3,7,0,1.22478,0.739577
-1.28078,0.961954,0.246045,2,7,0,1.38691,1.03066
-1.13499,0.833285,0.246045,2,6,1,1.4455,0.883138
-1.11416,1,0.246045,1,1,0,1.13492,0.861511
-0.9886,0.999737,0.246045,2,5,0,1.24812,0.727158
-2.13879,0.871538,0.246045,3,8,1,2.23454,1.83212
-2.88999,0.888391,0.246045,3,9,1,3.72098,2.49484
-1.6197,0.999779,0.246045,3,11,0,3.85519,1.35678
-1.24497,0.999853,0.246045,2,5,0,1.80527,0.994965
-1.32428,0.857065,0.246045,2,7,1,1.35675,1.07363
-1.41194,0.999729,0.246045,1,3,0,1.4524,1.15908
-1.51648,0.999701,0.246045,1,3,0,1.57808,1.25929
-1.53136,0.999991,0.246045,2,3,0,1.53252,1.27343
-1.50975,1,0.246045,1,1,0,1.53149,1.25289
-1.49419,1,0.246045,1,1,0,1.51071,1.23806
-1.45808,0.999995,0.246045,2,3,0,1.50481,1.20352
-1.9128,0.856847,0.246045,2,7,1,1.95889,1.62767
-1.51263,0.999995,0.246045,3,7,0,1.94225,1.25563
-0.736794,0.874945,0.246045,3,8,1,1.64972,0.412173
-1.26739,0.864834,0.246045,3,8,1,1.98246,1.01735
-1.25775,1,0.246045,1,1,0,1.2694,1.00774
-2.34337,0.88737,0.246045,3,9,1,2.39966,2.0148
-2.08634,0.999818,0.246045,2,7,0,2.7885,1.78495
-2.08354,0.999966,0.246045,2,3,0,2.14976,1.78242
-2.82667,0.856799,0.246045,2,7,1,3.64222,2.43971
-3.35425,0.908952,0.246045,3,11,1,3.68002,2.89607
-3.34323,0.999999,0.246045,3,7,0,3.38052,2.8866
-4.70226,0.908916,0.246045,3,11,1,5.04441,4.04111
-4.67977,1,0.246045,1,1,0,4.70307,4.02218
-4.66409,1,0.246045,1,1,0,4.68201,4.00898
-4.62368,0.999999,0.246045,2,3,0,4.67982,3.97495
-4.54751,1,0.246045,2,3,0,4.62943,3.91076
-5.70371,0.999675,0.246045,3,13,0,7.67982,4.88
-5.64025,0.999997,0.246045,2,3,0,5.7506,4.82705
-5.86992,0.99996,0.246045,2,5,0,6.15732,5.01857
-7.26041,0.928526,0.246045,3,14,1,7.5932,6.17234
-8.56197,0.933291,0.246045,3,15,1,9.3624,7.24566
-7.75928,0.999981,0.246045,3,11,0,9.36881,6.58437
-8.70808,0.928549,0.246045,3,14,1,9.90742,7.36584
-4.61725,0.937498,0.246045,4,16,1,9.13266,3.96953
-3.1899,0.923064,0.246045,3,13,1,5.0199,2.75457
-3.11034,1,0.246045,2,3,0,3.194,2.68588
-3.33435,0.999921,0.246045,3,7,0,3.43523,2.87897
-5.04957,0.908893,0.246045,3,11,1,5.29991,4.33291
-4.75052,0.923063,0.246045,3,13,1,5.58572,4.08172
-4.61096,0.999991,0.246045,1,3,0,4.83713,3.96423
-4.62935,0.999999,0.246045,2,3,0,4.63093,3.97972
-4.28864,0.999927,0.246045,2,7,0,5.35493,3.69216
-3.06628,0.833333,0.246045,2,6,1,6.63424,2.64777
-3.18924,0.999878,0.246045,4,15,0,3.77242,2.754
-2.48776,0.999973,0.246045,2,7,0,3.35187,2.14261
-2.39696,0.999993,0.246045,1,3,0,2.5189,2.06233
-1.76601,0.999967,0.246045,4,15,0,2.60635,1.49296
-2.21016,0.999414,0.246045,2,7,0,2.45126,1.89609
-2.8993,0.88868,0.246045,3,9,1,3.06027,2.50294
-2.49528,0.899987,0.246045,3,10,1,3.06274,2.14924
-3.10707,0.999566,0.246045,2,7,0,3.59554,2.68304
-2.98643,0.999985,0.246045,1,3,0,3.17157,2.57859
-3.00363,0.999999,0.246045,3,7,0,3.00516,2.59351
-0.957405,0.888852,0.246045,3,9,1,3.66042,0.692408
-0.974752,0.999897,0.246045,1,1,0,0.974776,0.711814
-0.821964,0.999979,0.246045,2,7,0,0.999555,0.530956
-0.652681,0.999865,0.246045,2,5,0,0.849639,0.210309
-0.665449,0.997583,0.246045,2,7,0,0.699587,0.142066
-0.855359,0.440454,0.246045,1,2,1,2.67726,0.572867
-1.19283,0.664343,0.246045,1,3,1,2.4832,0.942402
-1.63699,0.665592,0.246045,1,3,1,3.40503,1.37299
-3.42778,0.898088,0.246045,3,10,1,4.32841,2.95921
-2.54529,0.999997,0.246045,4,15,0,3.49654,2.19331
-1.87023,0.999972,0.246045,3,9,0,2.70644,1.58877
-2.29975,0.999508,0.246045,2,7,0,2.51508,1.97602
-2.28249,1,0.246045,1,1,0,2.30098,1.96064
-1.60745,0.85711,0.246045,2,7,1,2.98461,1.34528
-1.23791,0.999992,0.246045,3,7,0,1.63554,0.987888
-0.989602,0.799831,0.246045,2,5,1,1.83605,0.728263
-0.849313,0.999347,0.246045,2,7,0,1.20374,0.565409
-0.774047,0.999908,0.246045,2,5,0,0.916397,0.466917
-0.771087,0.999953,0.246045,2,3,0,0.784713,0.462761
-0.951306,0.998102,0.246045,2,5,0,1.0062,0.685533
-0.951268,1,0.246045,1,1,0,0.955848,0.68549
-0.959479,0.99995,0.246045,1,1,0,0.960892,0.69474
-0.913984,0.999745,0.246045,3,7,0,1.06003,0.642804
-0.920005,0.999986,0.246045,2,3,0,0.921866,0.64978
-0.754881,0.666667,0.246045,1,3,1,1.30427,0.439466
-0.695913,0.5,0.246045,1,2,1,1.71901,0.103938
-1.99914,0.536608,0.246045,2,4,1,4.29419,1.70616
-1.38061,0.8,0.246045,2,5,1,2.60571,1.1287
-1.1528,0.999439,0.246045,2,7,0,1.82322,0.901498
-0.846841,0.666667,0.246045,1,3,1,2.22261,0.562345
-0.718576,0.5,0.246045,1,2,1,2.77399,0.0873932
-0.679752,1,0.246045,1,1,0,0.709051,0.120378
-0.745666,0.45718,0.246045,1,2,1,1.64861,0.425755
-0.83873,0.910098,0.246045,3,7,0,1.02164,0.552224
-0.800242,1,0.246045,2,3,0,0.839897,0.502602
-2.39832,0.732155,0.246045,2,4,1,4.51885,2.06354
-1.47943,0.899986,0.246045,3,10,1,2.51762,1.22396
-1.49514,0.99997,0.246045,1,1,0,1.49609,1.23897
-1.48312,1,0.246045,1,1,0,1.49691,1.22749
-0.827509,0.8,0.246045,2,5,1,1.74971,0.538045
-0.703121,0.666667,0.246045,1,3,1,1.11129,0.355844
-0.702277,1,0.246045,1,1,0,0.704448,0.354299
-0.707507,0.998678,0.246045,3,7,0,0.806737,0.363745
-0.656827,0.999811,0.246045,2,5,0,0.766438,0.164533
-0.656827,0,0.246045,0,1,1,1.59794,0.164533
-0.659046,0.999754,0.246045,1,1,0,0.65905,0.157238
-0.69492,0.997337,0.246045,2,3,0,0.70268,0.104805
-0.69492,0,0.246045,0,1,1,1.13183,0.104805
-0.775955,0.981474,0.246045,2,3,0,0.781437,0.0608301
-0.775955,0,0.246045,0,1,1,1.26405,0.0608301
-0.775955,0,0.246045,0,1,1,3.06112,0.0608301
-1.17071,0.576204,0.246045,2,4,1,1.72512,0.919864
-0.863775,0.666667,0.246045,1,3,1,2.22359,0.583162
-0.658709,0.749618,0.246045,2,4,1,1.17265,0.158244
-0.658709,0,0.246045,0,1,1,2.51847,0.158244
-0.658709,0,0.246045,0,1,1,1.26158,0.158244
-1.0185,0.701933,0.246045,2,4,1,1.75864,0.759881
-1.05635,0.999888,0.246045,3,7,0,1.0858,0.800598
-1.68801,0.998433,0.246045,2,7,0,2.41993,1.42063
-2.33102,0.999136,0.246045,2,7,0,2.47683,2.00383
-1.89339,0.999995,0.246045,2,5,0,2.36084,1.60996
-1.79291,0.99997,0.246045,1,3,0,1.94105,1.51777
-1.61492,0.85712,0.246045,2,7,1,2.00376,1.3523
-1.01676,0.799904,0.246045,2,5,0,2.27501,0.757988
-0.92069,0.99977,0.246045,1,3,0,1.09548,0.650571
-1.24038,0.997878,0.246045,2,7,0,1.40683,0.99037
-1.07177,0.999602,0.246045,2,7,0,1.48165,0.816992
-0.721772,0.75,0.246045,2,4,1,1.38381,0.388139
-0.845526,0.665431,0.246045,1,3,1,1.09976,0.56071
-1.27612,0.995583,0.246045,2,7,0,1.65283,1.02604
-1.75163,0.66568,0.246045,1,3,1,3.72342,1.47967
-1.82485,0.999977,0.246045,4,15,0,1.85571,1.54716
-1.36793,0.833333,0.246045,2,6,1,2.11701,1.11636
-1.34388,1,0.246045,2,3,0,1.36788,1.09287
-1.87279,0.998571,0.246045,2,7,0,2.29746,1.59112
-2.59262,0.888259,0.246045,3,9,1,3.37167,2.23494
-3.00099,0.8999,0.246045,3,10,1,3.16769,2.59122
-3.11616,0.999937,0.246045,1,3,0,3.173,2.6909
-3.11402,0.999996,0.246045,2,3,0,3.14628,2.68905
-3.33769,0.909033,0.246045,3,11,1,3.63263,2.88184
-1.34883,0.999932,0.246045,3,15,0,3.87104,1.09771
-1.27092,1,0.246045,2,3,0,1.34951,1.02086
-1.91609,0.997378,0.246045,2,7,0,2.61222,1.63067
-1.828,0.999985,0.246045,1,3,0,1.94856,1.55006
-2.7949,0.799415,0.246045,2,5,1,4.3303,2.41201
-2.66448,0.999976,0.246045,1,3,0,2.87676,2.29799
-2.54397,0.999978,0.246045,1,3,0,2.73189,2.19216
-2.59338,0.999979,0.246045,2,3,0,2.60388,2.23561
-2.63748,0.999992,0.246045,3,7,0,2.6497,2.27432
-0.664445,0.875,0.246045,3,8,1,2.66681,0.144082
-0.717059,0.480108,0.246045,1,2,1,1.24829,0.380275
-0.655041,0.999915,0.246045,3,7,0,0.731003,0.230743
-1.13009,0.720487,0.246045,2,4,1,1.98572,0.878069
-1.45303,0.798974,0.246045,2,5,1,2.39634,1.19867
-1.92358,0.856834,0.246045,2,7,1,1.97674,1.63749
-2.3237,0.999583,0.246045,2,7,0,2.4991,1.99732
-1.93278,0.999948,0.246045,2,7,0,2.48734,1.64588
-0.701836,0.999989,0.246045,4,15,0,1.98691,0.353487
-1.11437,0.77589,0.246045,3,7,0,1.65203,0.861737
-1.10529,1,0.246045,1,1,0,1.11612,0.852262
-0.780523,0.75,0.246045,2,4,1,1.32735,0.475916
-1.70787,0.792838,0.246045,2,5,1,2.37421,1.4391
-3.34736,0.886898,0.246045,3,9,1,5.09629,2.89015
-3.28405,0.999993,0.246045,2,3,0,3.39015,2.8357
-3.2531,1,0.246045,1,1,0,3.28404,2.80905
-3.28294,0.999989,0.246045,1,1,0,3.28296,2.83474
-3.29838,0.999993,0.246045,2,3,0,3.32259,2.84803
-3.28788,1,0.246045,1,1,0,3.30186,2.839
-1.94787,0.899932,0.246045,3,10,1,4.33733,1.65962
-1.7847,0.999912,0.246045,2,5,0,2.11232,1.51021
-1.38299,0.874949,0.246045,3,8,1,1.99299,1.13101
-1.80429,0.856727,0.246045,2,7,1,2.04126,1.52826
-1.91059,0.999831,0.246045,1,3,0,1.96609,1.62566
-0.839309,0.888801,0.246045,3,9,1,2.21049,0.552949
-0.66957,0.99954,0.246045,2,7,0,0.940801,0.28366
-0.820966,0.994831,0.246045,2,7,0,0.907177,0.529675
-0.737405,0.99947,0.246045,2,5,0,0.923311,0.413121
-1.40758,0.736765,0.246045,2,4,1,2.54158,1.15486
-0.655652,0.7495,0.246045,2,4,1,3.42824,0.169274
-0.653329,0.998514,0.246045,1,3,0,0.676495,0.218135
-0.655112,0.999819,0.246045,2,5,0,0.658405,0.17177
-0.655112,0,0.246045,0,1,1,2.08454,0.17177
-1.00427,0.968435,0.246045,2,7,0,1.1983,0.744368
-1.58509,0.832117,0.246045,2,6,1,1.74214,1.32424
-1.56041,1,0.246045,1,1,0,1.58507,1.30094
-2.51579,0.997909,0.246045,4,15,0,3.37312,2.16733
-1.70858,0.874855,0.246045,3,8,1,3.55617,1.43976
-1.82727,0.999774,0.246045,1,3,0,1.90357,1.54939
-2.22221,0.999843,0.246045,4,15,0,2.22446,1.90686
-0.88503,0.874936,0.246045,3,8,1,2.7493,0.608757
-0.663278,0.8,0.246045,2,5,1,0.917017,0.265071
-0.846951,0.794997,0.246045,2,5,1,0.987547,0.562481
-1.45043,0.797228,0.246045,2,5,1,1.66418,1.19617
-1.35483,0.999942,0.246045,1,3,0,1.50039,1.10358
-1.37249,0.999958,0.246045,1,1,0,1.37297,1.1208
-1.57359,0.833099,0.246045,2,6,1,1.87651,1.3134
-2.02027,0.83311,0.246045,2,6,1,2.27796,1.7253
-2.87482,0.999343,0.246045,3,9,0,3.19435,2.48164
-3.46267,0.999891,0.246045,4,15,0,3.47513,2.98913
-1.47284,0.888889,0.246045,3,9,1,3.65399,1.21765
-1.7256,0.833062,0.246045,2,6,1,2.21197,1.45555
-2.38667,0.874616,0.246045,3,8,1,2.54422,2.05322
-0.700455,0.999995,0.246045,3,9,0,2.40571,0.350932
-0.730858,0.999127,0.246045,1,3,0,0.745772,0.402846
-0.737289,0.999887,0.246045,1,1,0,0.737548,0.412941
-0.697075,0.5,0.246045,1,2,1,1.55463,0.102942
-0.697075,0,0.246045,0,1,1,2.11579,0.102942
-0.683084,1,0.246045,2,3,0,0.695806,0.116508
-0.683084,0,0.246045,0,1,1,1.15165,0.116508
-0.683084,0,0.246045,0,1,1,1.59173,0.116508
-0.698455,0.473464,0.246045,1,2,1,1.21047,0.347183
-0.898713,0.797072,0.246045,2,5,1,1.0095,0.624955
-1.13413,0.832513,0.246045,2,6,1,1.21092,0.882246
-1.14417,0.999963,0.246045,1,1,0,1.14577,0.892614
-0.904083,0.433144,0.246045,3,7,0,1.75356,0.631258
-1.28928,0.664372,0.246045,1,3,1,2.8758,1.03909
-0.903042,0.999667,0.246045,2,7,0,1.55666,0.630039
-0.664368,0.999267,0.246045,2,7,0,1.11475,0.268554
-0.9283,0.985959,0.246045,2,7,0,1.19685,0.659336
-1.17228,0.99871,0.246045,2,5,0,1.78758,0.921467
-1.72712,0.799208,0.246045,2,5,1,2.23917,1.45696
-1.18341,0.8,0.246045,2,5,1,2.21061,0.932814
-1.07452,0.999832,0.246045,1,3,0,1.27,0.819905
-0.767668,0.833333,0.246045,2,6,1,1.10594,0.457924
-0.654588,1,0.246045,2,5,0,0.788627,0.174471
-0.655403,0.999921,0.246045,1,1,0,0.655414,0.170393
-0.715821,0.488367,0.246045,1,2,1,1.12037,0.37818
-0.715821,0,0.246045,0,1,1,2.61571,0.37818
-0.77344,0.999218,0.246045,3,7,0,0.796139,0.466066
-1.06112,0.663643,0.246045,1,3,1,2.14544,0.805678
-0.65236,0.75,0.246045,2,4,1,1.25223,0.19946
-0.71722,0.995581,0.246045,2,5,0,0.723923,0.380546
-0.68073,0.998571,0.246045,2,7,0,0.828605,0.11921
-0.667484,0.488775,0.246045,1,2,1,0.910741,0.277858
-0.655706,0.99963,0.246045,2,5,0,0.685344,0.169035
-0.655706,0.489801,0.246045,1,2,1,1.03656,0.169035
-0.655706,0,0.246045,0,1,1,2.03912,0.169035
-0.71656,0.995799,0.246045,3,7,0,0.818087,0.379431
-0.671714,1,0.246045,3,7,0,0.7707,0.289343
-0.688157,0.999811,0.246045,3,7,0,0.688278,0.326914
-0.688157,0,0.246045,0,1,1,4.15037,0.326914
-1.22303,0.792431,0.246045,2,5,1,1.46599,0.972936
-0.805065,0.999496,0.246045,2,7,0,1.59444,0.508985
-0.712701,0.9998,0.246045,2,5,0,0.953181,0.372839
-0.712701,0,0.246045,0,1,1,3.30207,0.372839
-1.22954,0.989935,0.246045,2,7,0,1.43004,0.979482
-0.943344,1,0.246045,2,7,0,1.23943,0.676515
-0.84034,0.833333,0.246045,2,6,1,0.947036,0.55424
-1.29157,0.996355,0.246045,2,5,0,1.38683,1.04136
-1.15227,0.857143,0.246045,2,7,1,1.297,0.900958
-0.752199,0.999236,0.246045,2,7,0,1.52999,0.435514
-0.829052,0.943598,0.246045,3,7,0,0.883696,0.0455788
-0.673406,0.40256,0.246045,1,2,1,1.28586,0.293655
-0.67502,0.999992,0.246045,3,7,0,0.675351,0.297645
-0.711124,0.998175,0.246045,1,3,0,0.748624,0.370106
-0.745796,0.999095,0.246045,1,3,0,0.763335,0.425951
-0.656631,0.5,0.246045,1,2,1,1.35265,0.165271
-1.06157,0.570122,0.246045,1,1,0,1.47963,0.0154686
-1.06157,0.00792292,0.246045,1,2,1,3.06612,0.0154686
-0.705062,0.440395,0.246045,1,1,0,1.88176,0.359368
-0.737237,0.999116,0.246045,1,3,0,0.75315,0.412861
-0.691469,0.99957,0.246045,1,3,0,0.780182,0.333632
-0.655352,0.626394,0.246045,2,3,0,0.923454,0.17063
-1.03578,0.930425,0.246045,4,15,0,2.01038,0.778567
-0.70173,0.799839,0.246045,2,5,1,1.34333,0.353291
-0.652447,0.999583,0.246045,2,5,0,0.733707,0.194758
-0.923334,0.459742,0.246045,1,2,1,2.99013,0.653622
-1.25939,0.998136,0.246045,2,5,0,1.28635,1.00938
-1.47083,0.999314,0.246045,3,7,0,1.60827,1.21574
-1.06706,0.933324,0.246045,3,15,1,1.51165,0.811991
-0.771968,0.749386,0.246045,2,4,1,1.91863,0.0622478
-0.955385,0.65098,0.246045,2,4,1,1.22603,0.690134
-1.52605,0.994982,0.246045,2,7,0,2.15155,1.26839
-1.26092,0.799902,0.246045,2,5,1,2.10793,1.0109
-1.35658,0.999647,0.246045,1,3,0,1.41004,1.10528
-1.1113,0.999947,0.246045,2,5,0,1.41805,0.858537
-1.06242,1,0.246045,2,3,0,1.11491,0.807063
-1.08574,0.999918,0.246045,2,3,0,1.09669,0.831742
-1.02329,1,0.246045,2,3,0,1.08668,0.765074
-1.02829,0.999992,0.246045,2,3,0,1.03109,0.770485
-1.20267,0.999553,0.246045,3,7,0,1.20333,0.952378
-1.20578,0.99999,0.246045,1,1,0,1.21002,0.955525
-0.785454,0.999902,0.246045,2,5,0,1.29058,0.482685
-0.784263,1,0.246045,1,1,0,0.78799,0.481056
-1.15768,0.995618,0.246045,1,3,0,2.90014,0.906515
-0.893184,0.999811,0.246045,2,5,0,1.26237,0.618435
-0.776478,0.5,0.246045,1,2,1,3.36507,0.0606478
-1.70101,0.726244,0.246045,3,9,0,1.97357,1.43272
-1.30356,0.93333,0.246045,3,15,1,1.72927,1.05321
-1.59835,0.856832,0.246045,2,7,1,1.69063,1.33673
-2.89282,0.997967,0.246045,4,15,0,3.44552,2.4973
-2.79876,0.999994,0.246045,1,3,0,2.92544,2.41538
-2.73301,1,0.246045,2,3,0,2.80526,2.35797
-1.10498,0.99994,0.246045,3,9,0,3.04107,0.851938
-1.15331,0.999756,0.246045,2,3,0,1.18186,0.902024
-0.894063,0.8,0.246045,2,5,1,1.25232,0.619473
-1.13356,0.998556,0.246045,2,5,0,1.21492,0.881655
-0.851497,0.8,0.246045,2,5,1,1.26799,0.56811
-0.923413,0.999139,0.246045,1,3,0,0.969364,0.653713
-0.75642,0.666667,0.246045,1,3,1,1.31433,0.44172
-1.01714,0.955573,0.246045,2,5,0,1.16469,0.7584
-0.653394,0.5,0.246045,1,2,1,4.18265,0.182351
-0.859731,0.731479,0.246045,2,4,1,1.15057,0.578227
-0.806126,0.715949,0.246045,3,7,0,0.933556,0.0514425
-0.677251,1,0.246045,1,1,0,0.764408,0.123503
-0.712698,0.997206,0.246045,2,3,0,0.712761,0.0911843
-1.7509,0.745456,0.246045,3,8,1,1.7616,1.479
-1.54731,0.857112,0.246045,2,7,1,2.04389,1.28855
-1.12344,0.999729,0.246045,2,7,0,1.82147,0.871163
-1.24952,0.833117,0.246045,2,6,1,1.36811,0.999517
-1.2025,1,0.246045,2,3,0,1.255,0.952204
-0.797987,0.999914,0.246045,2,5,0,1.27488,0.4996
-0.7472,0.979377,0.246045,2,7,0,0.828567,0.428063
-0.891411,0.665469,0.246045,1,3,1,1.19679,0.616337
-0.790125,0.799878,0.246045,2,5,1,1.01438,0.489037
-0.781786,1,0.246045,2,3,0,0.790384,0.477656
-0.652359,0.999258,0.246045,2,7,0,0.898368,0.200055
-1.04636,0.785634,0.246045,1,1,0,1.25536,0.016526
-0.713549,1,0.246045,1,1,0,0.841653,0.0906176
-0.713549,0,0.246045,0,1,1,1.01656,0.0906176
-0.713549,0,0.246045,0,1,1,1.77231,0.0906176
-0.713549,0,0.246045,0,1,1,2.8731,0.0906176
-0.713549,0.818635,0.246045,1,1,0,0.809631,0.0906176
-1.40773,0.821651,0.246045,3,15,1,1.5221,1.15501
-1.75516,0.85683,0.246045,2,7,1,1.8948,1.48293
-3.39214,0.997409,0.246045,3,13,0,5.12458,2.92862
-2.10265,0.999495,0.246045,3,15,0,6.19161,1.79963
-0.859334,0.888886,0.246045,3,9,1,2.12395,0.577741
-0.97236,0.998699,0.246045,2,5,0,1.10355,0.70915
-1.04191,0.999863,0.246045,3,7,0,1.0422,0.785151
-1.44036,0.799295,0.246045,2,5,1,1.69228,1.18649
-1.41779,1,0.246045,1,1,0,1.44038,1.16473
-1.42997,0.999991,0.246045,2,3,0,1.43162,1.17648
-1.33906,0.857175,0.246045,2,7,0,1.474,1.08814
-1.94282,0.9991,0.246045,3,9,0,2.08052,1.65502
-1.05614,0.999997,0.246045,4,15,0,1.9725,0.800376
-1.46401,0.998456,0.246045,2,5,0,1.50892,1.2092
-1.41522,0.999999,0.246045,2,3,0,1.47067,1.16224
-0.997437,0.999959,0.246045,2,5,0,1.46727,0.736885
-1.26395,0.998855,0.246045,2,5,0,1.35594,1.01392
-1.19007,1,0.246045,3,7,0,1.26468,0.939594
-1.09539,0.857119,0.246045,2,7,1,1.24975,0.841895
-0.820909,0.8,0.246045,2,5,1,1.2298,0.529601
-0.664136,0.999691,0.246045,2,7,0,0.87493,0.144726
-0.65268,0.997281,0.246045,1,3,0,0.696886,0.210307
-0.653327,0.974263,0.246045,3,7,0,0.948793,0.218112
-0.950776,1,0.246045,1,1,0,0.951467,0.02531
-0.66765,1,0.246045,1,1,0,0.837439,0.137957
-0.66765,0,0.246045,0,1,1,1.14656,0.137957
-0.675864,0.994833,0.246045,2,5,0,0.726032,0.29969
-0.675864,0,0.246045,0,1,1,2.98535,0.29969
-0.716954,0.998248,0.246045,2,5,0,0.764625,0.380098
-0.930909,0.955134,0.246045,2,7,0,0.944808,0.662328
-0.865855,0.999872,0.246045,1,3,0,0.96442,0.585692
-0.928995,0.999572,0.246045,2,3,0,0.929099,0.660134
-1.14836,0.999653,0.246045,2,7,0,1.20712,0.896931
-3.02783,0.994729,0.246045,3,11,0,3.51026,2.61447
-3.25991,0.99984,0.246045,2,7,0,3.58287,2.81491
-2.22715,0.888777,0.246045,3,9,1,4.96114,1.91127
-1.69576,0.999824,0.246045,2,7,0,2.61404,1.42784
-1.70835,0.999997,0.246045,3,7,0,1.71026,1.43955
-1.7243,0.999978,0.246045,1,1,0,1.72544,1.45435
-2.46586,0.856609,0.246045,2,7,1,3.32133,2.12328
-1.05449,0.874946,0.246045,3,8,1,3.01951,0.798615
-0.720158,0.5,0.246045,1,2,1,2.67981,0.385466
-0.665338,0.983339,0.246045,1,3,0,0.824115,0.271546
-0.772773,0.99737,0.246045,3,7,0,0.775215,0.465131
-0.812894,0.966502,0.246045,2,7,0,0.826981,0.519236
-0.675265,0.666667,0.246045,1,3,1,1.24629,0.298243
-0.700251,0.999246,0.246045,2,7,0,0.717274,0.35055
-0.84057,0.997412,0.246045,2,5,0,0.888343,0.554529
-0.955314,0.799369,0.246045,2,5,1,1.09702,0.690054
-0.877915,0.999816,0.246045,1,3,0,1.006,0.600251
-0.781628,0.850809,0.246045,2,7,0,0.882625,0.477439
-1.00691,0.832274,0.246045,2,6,1,1.0153,0.747261
-0.985526,0.9999,0.246045,2,3,0,1.04137,0.723762
-0.652363,0.998449,0.246045,2,7,0,1.48516,0.201069
-0.654321,0.996672,0.246045,3,7,0,0.793195,0.226111
-0.653818,0.999898,0.246045,3,7,0,0.659733,0.222391
-0.657099,0.998966,0.246045,3,7,0,0.685622,0.241514
-0.695775,0.996555,0.246045,3,7,0,0.85648,0.342074
-0.87272,0.998635,0.246045,2,7,0,0.881838,0.594002
-1.08415,0.998675,0.246045,2,5,0,1.57595,0.830072
-0.841985,0.749662,0.246045,2,4,1,1.76033,0.556298
-0.936347,0.999656,0.246045,2,7,0,1.02697,0.668548
-0.696262,0.999505,0.246045,2,7,0,1.09585,0.343011
-0.703743,0.99963,0.246045,2,3,0,0.717318,0.356978
-0.738496,0.998991,0.246045,1,3,0,0.758139,0.41481
-1.14733,0.79492,0.246045,2,5,1,1.56603,0.895869
-0.896536,0.666667,0.246045,1,3,1,1.82,0.622391
-0.745669,0.666667,0.246045,1,3,1,1.22866,0.425759
-0.652518,0.999958,0.246045,2,5,0,0.751749,0.207196
-0.75192,0.977701,0.246045,2,5,0,0.832511,0.435101
-0.765588,0.99962,0.246045,2,3,0,0.786034,0.454962
-0.722831,0.999792,0.246045,1,3,0,0.790285,0.389882
-0.826522,0.977963,0.246045,2,5,0,0.842208,0.536787
-0.966004,0.956352,0.246045,2,7,0,0.984798,0.702054
-0.677908,0.8,0.246045,2,5,1,1.01771,0.304527
-0.70619,0.999451,0.246045,3,7,0,0.709008,0.0957508
-1.656,0.873292,0.246045,4,15,0,1.71507,1.39077
-1.32151,0.9999,0.246045,2,5,0,1.78642,1.07091
-2.62448,0.997569,0.246045,4,15,0,2.85416,2.26292
-2.63551,0.999994,0.246045,1,1,0,2.63856,2.27259
-1.32682,0.833333,0.246045,2,6,1,3.73588,1.07613
-2.0565,0.874334,0.246045,3,8,1,2.10718,1.75804
-1.77041,0.999993,0.246045,4,15,0,2.11965,1.49702
-1.65598,0.999946,0.246045,1,3,0,1.8408,1.39075
-0.668409,0.999661,0.246045,3,9,0,2.06695,0.136628
-0.939852,0.931738,0.246045,2,7,0,1.51934,0.672544
-0.909434,0.99991,0.246045,2,3,0,0.966795,0.63751
-0.909434,0,0.246045,0,1,1,5.03925,0.63751
-1.09011,0.856647,0.246045,2,7,1,1.12361,0.83634
-1.23013,0.833062,0.246045,2,6,1,1.38629,0.980078
-1.24376,0.999959,0.246045,1,1,0,1.24474,0.993753
-1.3699,0.999555,0.246045,2,5,0,1.47866,1.11828
-0.719091,0.8,0.246045,2,5,1,1.69342,0.383688
-0.682587,0.999631,0.246045,1,3,0,0.75,0.31509
-1.27144,0.730075,0.246045,2,4,1,2.2976,1.02138
-0.794301,0.5,0.246045,1,2,1,3.97334,0.494666
-0.678571,0.749575,0.246045,2,4,1,1.0212,0.121828
-0.678571,0,0.246045,0,1,1,0.954025,0.121828
-0.862539,0.417646,0.246045,1,2,1,2.94885,0.581656
-1.59888,0.794289,0.246045,2,5,1,2.76755,1.33722
-1.11952,0.666667,0.246045,1,3,1,3.72478,0.867094
-0.67305,0.8,0.246045,2,5,1,1.28436,0.292758
-1.09131,0.979048,0.246045,2,7,0,1.66511,0.837605
-1.13586,0.999877,0.246045,2,3,0,1.14096,0.884032
-0.7904,0.833333,0.246045,2,6,1,1.17955,0.489408
-0.681275,0.666667,0.246045,1,3,1,1.05955,0.312194
-1.65933,0.9801,0.246045,4,15,0,1.87365,1.39388
-0.726556,0.75,0.246045,2,4,1,2.37441,0.395953
-0.873634,0.665129,0.246045,1,3,1,1.22097,0.595103
-1.02006,0.998035,0.246045,2,7,0,1.24595,0.761579
-0.749892,0.666667,0.246045,1,3,1,2.02914,0.432089
-1.12042,0.776359,0.246045,3,7,0,1.13369,0.0120151
-0.719414,0.405142,0.246045,1,1,0,2.09795,0.384227
-0.970975,0.796888,0.246045,2,5,1,1.1309,0.707606
-1.04262,0.999489,0.246045,1,3,0,1.07704,0.78591
-1.36482,0.998353,0.246045,2,5,0,1.51115,1.11332
-0.923383,0.8,0.246045,2,5,1,1.72203,0.653679
-0.840743,0.999739,0.246045,1,3,0,0.989129,0.554745
-0.827081,0.999975,0.246045,2,3,0,0.849499,0.537499
-0.714328,0.998772,0.246045,2,7,0,1.04502,0.375636
-1.0468,0.489747,0.246045,1,2,1,2.70583,0.790391
-0.957271,0.999829,0.246045,1,3,0,1.10892,0.692257
-1.24854,0.799384,0.246045,2,5,1,1.37262,0.998538
-1.1646,0.999934,0.246045,1,3,0,1.28907,0.913612
-0.851741,0.833333,0.246045,2,6,1,1.18758,0.56841
-1.12047,0.832436,0.246045,2,6,1,1.13313,0.868084
-1.17169,0.999454,0.246045,3,7,0,1.3592,0.920866
-0.677605,0.843659,0.246045,2,5,0,1.37347,0.30382
-0.912908,0.994086,0.246045,2,5,0,0.947448,0.641554
-0.701345,0.999574,0.246045,2,5,0,1.02978,0.352582
-0.692143,0.99792,0.246045,3,7,0,0.845554,0.334975
-0.736341,0.998311,0.246045,1,3,0,0.777017,0.411468
-1.3745,0.421503,0.246045,3,7,0,2.40675,1.12276
-1.99011,0.999366,0.246045,4,15,0,2.02573,1.69797
-1.76415,0.999798,0.246045,2,7,0,2.34185,1.49125
-1.41706,0.999908,0.246045,2,5,0,1.90206,1.16403
-1.0664,0.666667,0.246045,1,3,1,2.57402,0.81129
-1.6346,0.997251,0.246045,3,9,0,2.20772,1.37075
-1.32573,0.999944,0.246045,2,5,0,1.73815,1.07506
-1.31167,0.999986,0.246045,2,3,0,1.34334,1.06122
-1.17149,0.999978,0.246045,3,7,0,1.34936,0.920656
-2.52388,0.870743,0.246045,3,8,1,3.76847,2.17446
-2.51896,1,0.246045,1,1,0,2.52912,2.17012
-2.43118,1,0.246045,2,3,0,2.52102,2.09262
-2.65704,0.999756,0.246045,2,7,0,2.97586,2.29147
-2.6333,1,0.246045,2,3,0,2.65738,2.27066
-3.56636,0.999456,0.246045,2,7,0,3.94559,3.07794
-3.61122,0.999996,0.246045,3,7,0,3.62459,3.11631
-3.58391,1,0.246045,1,1,0,3.61137,3.09295
-2.51972,0.999928,0.246045,3,11,0,4.13296,2.1708
-2.39076,0.99999,0.246045,3,7,0,2.58384,2.05684
-2.01116,0.999652,0.246045,3,11,0,3.44591,1.71705
-1.01657,0.8,0.246045,2,5,1,2.64846,0.757782
-1.00708,0.999137,0.246045,3,7,0,1.28596,0.747446
-1.18053,0.799435,0.246045,2,5,1,1.45413,0.929889
-1.55164,0.998779,0.246045,2,7,0,1.74112,1.29266
-2.34773,0.998982,0.246045,3,11,0,2.63762,2.01867
-3.08566,0.999397,0.246045,3,9,0,3.86505,2.66453
-3.58501,0.999848,0.246045,3,7,0,3.58503,3.0939
-1.58512,0.999983,0.246045,3,11,0,3.77424,1.32427
-1.10988,0.873521,0.246045,2,7,0,1.65715,0.857057
-1.47746,0.710425,0.246045,1,3,0,2.72404,1.22207
-0.980718,0.833333,0.246045,2,6,1,1.57499,0.71844
-1.11302,0.999319,0.246045,3,7,0,1.19049,0.860325
-0.917762,0.857121,0.246045,2,7,1,1.15386,0.647184
-0.915767,0.999962,0.246045,2,3,0,0.934346,0.644873
-1.15417,0.856605,0.246045,2,7,1,1.15813,0.90291
-1.24841,0.999558,0.246045,1,3,0,1.30446,0.998413
-0.846728,0.666667,0.246045,1,3,1,3.0698,0.562205
-0.91564,0.999169,0.246045,1,3,0,0.957529,0.644726
-0.755939,0.749674,0.246045,2,4,1,1.27393,0.441017
-0.754157,0.999779,0.246045,2,3,0,0.781319,0.438401
-0.838214,0.998337,0.246045,2,5,0,0.934392,0.551577
-1.14129,0.664549,0.246045,1,3,1,2.21045,0.889641
-1.24133,0.666674,0.246045,2,3,0,2.32525,0.0072327
-1.24133,0.0139866,0.246045,4,15,0,1.43358,0.0072327
-1.24133,0.0238838,0.246045,1,1,0,1.41701,0.0072327
-0.736453,1,0.246045,1,1,0,2.36547,0.411643
-0.743063,0.999889,0.246045,1,1,0,0.743346,0.421811
-1.3119,0.991193,0.246045,2,7,0,1.54031,1.06144
-1.53415,0.99953,0.246045,3,7,0,1.60332,1.27607
-2.05572,0.874617,0.246045,3,8,1,2.13107,1.75733
-1.60394,0.999988,0.246045,2,5,0,2.09586,1.34199
-1.74737,0.857055,0.246045,2,7,1,1.874,1.47572
-2.42641,0.888595,0.246045,3,9,1,2.45189,2.08841
-2.27241,0.999946,0.246045,4,15,0,2.72243,1.95166
-3.10942,0.999144,0.246045,3,11,0,4.16275,2.68508
-3.19939,0.999959,0.246045,2,3,0,3.232,2.76276
-3.22509,0.99999,0.246045,1,1,0,3.22534,2.78491
-3.12836,1,0.246045,2,3,0,3.22667,2.70144
-1.78648,0.999991,0.246045,4,15,0,3.25656,1.51185
-1.63793,0.857125,0.246045,2,7,1,1.92274,1.37387
-1.62346,1,0.246045,1,1,0,1.63928,1.36031
-1.95069,0.999583,0.246045,2,5,0,2.05816,1.66218
-1.6076,0.999934,0.246045,2,5,0,2.07423,1.34542
-1.61655,0.999998,0.246045,3,7,0,1.61944,1.35383
-1.62615,0.999985,0.246045,1,1,0,1.62884,1.36283
-1.61585,1,0.246045,1,1,0,1.6286,1.35317
-1.30286,0.857124,0.246045,2,7,1,1.72495,1.05253
-1.31988,0.999956,0.246045,1,1,0,1.32039,1.06931
-0.738892,0.75,0.246045,2,4,1,1.83484,0.0761787
-0.65532,1,0.246045,2,3,0,0.760003,0.170778
-0.653561,0.999808,0.246045,2,7,0,0.65917,0.220258
-0.689985,1,0.246045,2,3,0,0.789704,0.109353
-0.793578,0.442961,0.246045,3,7,0,0.876328,0.493695
-0.737281,0.999699,0.246045,1,3,0,0.83579,0.412928
-0.732109,1,0.246045,2,3,0,0.737702,0.404829
-0.655194,1,0.246045,1,3,0,0.992281,0.231646
-0.655194,0,0.246045,0,1,1,1.70273,0.231646
-0.928463,0.473407,0.246045,1,2,1,2.71288,0.659522
-0.654128,0.749622,0.246045,2,4,1,1.34228,0.177142
-0.840905,0.466297,0.246045,1,2,1,2.22665,0.554948
-0.717358,0.91112,0.246045,2,7,0,0.838908,0.380779
-0.842498,0.755725,0.246045,2,7,0,0.871888,0.556938
-0.838962,1,0.246045,1,1,0,0.844638,0.552515
-1.37385,0.746972,0.246045,2,4,1,1.98514,1.12213
-1.02228,0.998812,0.246045,4,15,0,2.37248,0.763977
-1.35917,0.665567,0.246045,1,3,1,2.45895,1.10781
-1.12026,0.999953,0.246045,2,5,0,1.41518,0.867859
-0.79351,0.798897,0.246045,2,5,1,2.44024,0.493603
-0.689856,0.666667,0.246045,1,3,1,1.01765,0.330385
-0.787325,0.6653,0.246045,1,3,1,0.991118,0.485237
-0.65908,0.5,0.246045,1,2,1,1.76001,0.157138
-1.08911,0.422531,0.246045,1,1,0,1.76656,0.0137359
-1.08911,0.00761483,0.246045,5,31,0,3.04443,0.0137359
-0.661731,1,0.246045,1,1,0,1.27745,0.259871
-0.653265,0.999316,0.246045,3,7,0,0.694293,0.183456
-0.911431,1,0.246045,1,1,0,0.912369,0.0303852
-0.690676,1,0.246045,1,1,0,0.804064,0.10869
-0.934085,0.374002,0.246045,1,2,1,4.03032,0.665964
-0.65237,0.998559,0.246045,2,7,0,1.31559,0.201832
-0.767773,0.994239,0.246045,2,5,0,0.874419,0.458074
-0.83318,0.998732,0.246045,1,3,0,0.883931,0.545237
-0.959551,0.999377,0.246045,3,7,0,0.961004,0.694821
-0.658702,0.5,0.246045,1,2,1,2.85306,0.248494
-0.750445,0.854012,0.246045,1,3,0,1.05635,0.432912
-0.750445,0,0.246045,0,1,1,4.55656,0.432912
-0.918922,0.713454,0.246045,2,7,0,0.920829,0.648528
-0.7848,1,0.246045,2,5,0,0.938234,0.481791
-0.689331,0.999592,0.246045,2,7,0,0.836854,0.109988
-0.689331,0,0.246045,0,1,1,2.5351,0.109988
-0.692663,0.472222,0.246045,1,2,1,1.18563,0.336004
-0.692663,2.99616e-08,0.246045,1,1,0,1.79723,0.336004
-0.888374,0.998433,0.246045,2,7,0,0.902906,0.612735
-0.840295,0.998982,0.246045,3,7,0,1.10323,0.554185
-0.98962,0.999135,0.246045,3,7,0,1.00747,0.728283
-0.976253,1,0.246045,1,1,0,0.989972,0.713484
-0.947198,0.999992,0.246045,2,3,0,0.983131,0.680887
-0.788617,0.998888,0.246045,2,7,0,1.26698,0.486993
-0.652869,0.982832,0.246045,2,5,0,0.803981,0.213044
-0.865929,0.891758,0.246045,2,3,0,0.968177,0.037834
-1.30937,0.393547,0.246045,4,15,0,1.41515,1.05895
-2.35743,0.997464,0.246045,3,11,0,3.00469,2.02728
-2.19357,0.999945,0.246045,2,5,0,2.51147,1.88124
-3.08452,0.83306,0.246045,2,6,1,4.30922,2.66355
-2.98221,0.999992,0.246045,1,3,0,3.12537,2.57493
-2.55106,1,0.246045,3,7,0,2.98379,2.1984
-2.13965,0.999951,0.246045,2,7,0,2.73236,1.8329
-3.05628,0.999363,0.246045,4,15,0,3.44241,2.63911
-2.32893,0.999965,0.246045,2,7,0,3.24329,2.00197
-1.50992,0.857143,0.246045,2,7,1,2.64533,1.25305
-1.40695,0.859025,0.246045,2,7,0,1.56907,1.15425
-2.6439,0.998401,0.246045,3,9,0,2.73933,2.27995
-2.61481,1,0.246045,3,7,0,2.6439,2.25443
-3.18841,0.999736,0.246045,4,15,0,3.57064,2.75328
-6.81996,0.99883,0.246045,3,15,0,7.4435,5.80781
-8.03205,0.933306,0.246045,3,15,1,8.23522,6.8093
-8.00582,1,0.246045,2,3,0,8.05446,6.78768
-9.25637,0.999923,0.246045,3,11,0,9.97081,7.81634
-4.76273,0.941171,0.246045,4,17,1,9.87244,4.09199
-2.45043,0.999986,0.246045,3,9,0,5.05607,2.10965
-1.94167,0.999987,0.246045,2,5,0,2.50764,1.65397
-2.32688,0.833072,0.246045,2,6,1,3.42664,2.00015
-2.33676,0.999998,0.246045,2,3,0,2.34002,2.00893
-1.40599,0.999853,0.246045,2,7,0,2.79831,1.15333
-1.93556,0.83296,0.246045,2,6,1,2.35223,1.64841
-0.864099,0.8,0.246045,2,5,1,2.77232,0.583556
-1.39767,0.993479,0.246045,2,7,0,1.98731,1.14527
-0.872763,0.999328,0.246045,2,7,0,1.95533,0.594053
-0.872064,1,0.246045,1,1,0,0.876416,0.59321
-0.879728,0.999937,0.246045,1,1,0,0.88085,0.602423
-1.08146,0.998761,0.246045,2,5,0,1.13282,0.827235
-2.16214,0.996994,0.246045,4,15,0,2.31512,1.85309
-1.36454,0.833271,0.246045,2,6,1,3.25122,1.11306
-1.05019,0.999862,0.246045,2,7,0,1.49901,0.794026
-0.74065,0.999517,0.246045,2,7,0,1.27441,0.418124
-0.757224,0.5,0.246045,1,2,1,1.68323,0.0679331
-0.669031,0.999595,0.246045,3,7,0,0.760125,0.282191
-0.865696,0.795319,0.246045,2,5,1,1.01105,0.585498
-2.82295,0.987868,0.246045,3,9,0,3.07255,2.43647
-2.80941,1,0.246045,1,1,0,2.82533,2.42466
-1.62615,0.999959,0.246045,3,11,0,3.08258,1.36283
-2.73746,0.832538,0.246045,2,6,1,3.43112,2.36186
-2.77013,0.999986,0.246045,2,3,0,2.78652,2.39039
-1.97985,0.833333,0.246045,2,6,1,3.72238,1.68867
-2.38995,0.999535,0.246045,2,5,0,2.57548,2.05612
-1.61224,0.857143,0.246045,2,7,1,2.65515,1.34978
-1.00754,0.999663,0.246045,4,15,0,2.15838,0.747948
-1.26709,0.8566,0.246045,2,7,1,1.35123,1.01705
-1.15279,0.999852,0.246045,1,3,0,1.35794,0.90149
-1.33292,0.998956,0.246045,2,7,0,1.59738,1.08212
-1.31721,1,0.246045,1,1,0,1.33362,1.06668
-0.884587,0.749439,0.246045,2,4,1,3.33836,0.608229
-0.872679,1,0.246045,2,3,0,0.884787,0.593952
-1.16544,0.665027,0.246045,1,3,1,2.11785,0.914468
-1.47513,0.856794,0.246045,2,7,1,1.48453,1.21985
-0.991362,0.999644,0.246045,2,7,0,1.88976,0.730203
-0.880762,0.999962,0.246045,3,7,0,1.02115,0.603661
-1.11113,0.999409,0.246045,2,7,0,1.11508,0.858352
-1.28457,0.932733,0.246045,3,15,1,1.5347,1.03443
-1.21006,0.999968,0.246045,1,3,0,1.31239,0.959855
-0.7906,0.999316,0.246045,2,7,0,1.59457,0.489678
-0.693664,0.999925,0.246045,2,5,0,0.808214,0.337974
-0.659525,0.5,0.246045,1,2,1,0.984237,0.155857
-0.652434,0.996555,0.246045,2,3,0,0.754995,0.195144
-0.670449,0.992135,0.246045,1,3,0,0.742894,0.286022
-0.724606,0.5,0.246045,1,2,1,1.00606,0.0837856
-0.69219,0.670351,0.246045,2,4,1,1.30853,0.335066
-0.714516,0.999563,0.246045,2,3,0,0.714968,0.375956
-0.669442,0.999469,0.246045,3,7,0,0.780756,0.283314
-0.678995,0.999758,0.246045,2,3,0,0.679737,0.307042
-0.780294,0.664847,0.246045,1,3,1,1.02745,0.475599
-1.43281,0.744157,0.246045,2,4,1,2.43458,1.17922
-0.973017,0.74953,0.246045,2,4,1,3.55427,0.709882
-2.68824,0.792238,0.246045,2,5,1,4.94861,2.3188
-4.22872,0.916311,0.246045,3,12,1,4.26276,3.64145
-3.3832,0.916667,0.246045,3,12,1,4.22897,2.92094
-4.02222,0.999703,0.246045,2,7,0,4.53276,3.4664
-6.34579,0.922823,0.246045,3,13,1,7.01767,5.41445
-6.33688,1,0.246045,1,1,0,6.35036,5.40705
-5.86309,0.999989,0.246045,2,5,0,6.55061,5.01287
-5.13214,0.916659,0.246045,3,12,1,6.53194,4.40213
-4.97121,0.999989,0.246045,1,3,0,5.25554,4.26715
-4.95685,1,0.246045,1,1,0,4.97385,4.2551
-4.95804,0.999998,0.246045,2,3,0,4.99049,4.2561
-5.08242,0.999991,0.246045,3,7,0,5.10769,4.36045
-5.10623,0.999996,0.246045,1,1,0,5.10689,4.38042
-5.0936,1,0.246045,1,1,0,5.1094,4.36982
-4.69198,0.923074,0.246045,3,13,1,5.23115,4.03246
-2.69085,0.857143,0.246045,2,7,1,7.24965,2.32109
-2.83514,0.99989,0.246045,1,3,0,2.94102,2.44709
-2.52512,0.999987,0.246045,2,5,0,2.90795,2.17555
-2.44239,0.999962,0.246045,3,7,0,2.67458,2.10254
-2.42004,1,0.246045,2,3,0,2.44284,2.08278
-0.98975,0.999827,0.246045,3,9,0,3.01156,0.728426
-1.28829,0.856618,0.246045,2,7,1,1.30061,1.03811
-1.69917,0.798958,0.246045,2,5,1,3.15266,1.43101
-1.01823,0.833333,0.246045,2,6,1,1.93914,0.759584
-1.52714,0.997785,0.246045,2,5,0,1.63026,1.26943
-1.50745,1,0.246045,1,1,0,1.52747,1.2507
-1.2109,0.999936,0.246045,2,5,0,1.60677,0.960697
-1.11516,0.999887,0.246045,1,3,0,1.27109,0.862553
-0.920654,0.799846,0.246045,2,5,1,1.49961,0.65053
-0.740722,0.666667,0.246045,1,3,1,1.39851,0.418236
-0.667987,0.998417,0.246045,2,7,0,0.756432,0.279285
-0.65852,0.999878,0.246045,1,3,0,0.673342,0.247743
-0.853147,0.992665,0.246045,2,5,0,0.886976,0.570145
-1.36138,0.998452,0.246045,2,7,0,1.49308,1.10997
-1.27904,0.857131,0.246045,2,7,1,1.39627,1.02894
-1.3795,0.999635,0.246045,1,3,0,1.4395,1.12762
-0.904321,0.999447,0.246045,2,7,0,1.81113,0.631537
-0.832417,0.883022,0.246045,2,7,0,0.903849,0.544273
-1.1152,0.997359,0.246045,2,7,0,1.25911,0.862603
-1.09995,1,0.246045,1,1,0,1.11559,0.846672
-0.907714,0.999143,0.246045,2,7,0,1.48137,0.635504
-0.755677,0.666667,0.246045,1,3,1,1.23276,0.440634
-0.703599,0.999578,0.246045,1,3,0,0.804031,0.356717
-0.885708,0.996215,0.246045,2,7,0,0.971554,0.609564
-0.653219,0.5,0.246045,1,2,1,2.3273,0.217049
-0.656369,0.999703,0.246045,1,3,0,0.659221,0.237988
-0.773518,0.94653,0.246045,3,7,0,0.904557,0.466176
-0.655511,0.5,0.246045,1,2,1,1.25821,0.23346
-0.672084,0.992732,0.246045,1,3,0,0.753993,0.130706
-0.786549,0.45129,0.246045,1,2,1,2.00195,0.484179
-0.837004,0.99924,0.246045,1,3,0,0.861095,0.550056
-0.798892,0.999276,0.246045,2,7,0,0.909406,0.0535003
-0.798892,0.261836,0.246045,1,2,1,2.76474,0.0535003
-0.798892,0,0.246045,0,1,1,1.18107,0.0535003
-0.798892,0,0.246045,0,1,1,2.0223,0.0535003
-0.963972,0.607122,0.246045,2,3,0,1.3332,0.0238319
-1.96464,0.438398,0.246045,3,9,0,2.01296,1.67486
-1.90836,0.999981,0.246045,2,3,0,2.00312,1.62362
-2.52332,0.874591,0.246045,3,8,1,3.05592,2.17397
-1.6904,0.857143,0.246045,2,7,1,2.83963,1.42285
-2.29139,0.856731,0.246045,2,7,1,2.81599,1.96857
-0.959398,0.8888,0.246045,3,9,1,2.78873,0.694648
-1.33141,0.664985,0.246045,1,3,1,2.74109,1.08064
-3.87629,0.870766,0.246045,3,8,1,4.96236,3.34237
-1.79602,0.999839,0.246045,3,11,0,5.16985,1.52064
-1.41249,0.999993,0.246045,3,7,0,1.82646,1.15961
-1.02116,1,0.246045,3,15,0,1.41097,0.762763
-1.97099,0.797318,0.246045,2,5,1,2.54435,1.68062
-2.0302,0.999959,0.246045,2,3,0,2.03673,1.73428
-1.179,0.75,0.246045,2,4,1,3.3598,0.928329
-1.18249,0.999891,0.246045,2,3,0,1.23207,0.931887
-1.5036,0.998853,0.246045,2,5,0,1.63185,1.24703
-0.664559,0.93329,0.246045,3,15,1,1.55384,0.14385
-0.664559,0,0.246045,0,1,1,1.39961,0.14385
-0.655184,0.99878,0.246045,3,7,0,0.686593,0.231589
-0.746021,0.986916,0.246045,2,7,0,1.09114,0.426289
-0.663604,0.666667,0.246045,1,3,1,0.96455,0.266127
-0.663604,0,0.246045,0,1,1,1.91304,0.266127
-0.685482,0.998139,0.246045,3,7,0,0.756891,0.113902
-0.691043,0.475312,0.246045,1,2,1,1.15245,0.332778
-0.820779,0.998849,0.246045,2,5,0,0.864964,0.529434
-0.80539,0.999937,0.246045,3,7,0,0.846131,0.509413
-0.658391,0.977194,0.246045,2,5,0,0.816136,0.247205
-0.658391,0,0.246045,0,1,1,1.71333,0.247205
-0.658391,0,0.246045,0,1,1,3.42269,0.247205
-0.765321,0.986869,0.246045,2,7,0,1.15748,0.454582
-1.13189,0.747283,0.246045,2,4,1,1.44066,0.879929
-1.53415,0.665605,0.246045,1,3,1,3.01738,1.27608
-1.55477,0.999964,0.246045,1,1,0,1.55505,1.29562
-1.75316,0.999806,0.246045,4,15,0,1.91141,1.48108
-1.30741,0.857143,0.246045,2,7,1,1.79985,1.05702
-1.02954,0.999908,0.246045,2,7,0,1.40526,0.771837
-1.00285,0.999885,0.246045,3,7,0,1.09923,0.742817
-0.690396,0.5,0.246045,1,2,1,2.61106,0.331478
-0.854207,0.89851,0.246045,3,7,0,1.05229,0.57145
-0.793999,0.99981,0.246045,1,3,0,0.889936,0.49426
-3.4683,0.849869,0.246045,3,8,1,4.92428,2.99396
-3.36293,0.999993,0.246045,1,3,0,3.51126,2.90353
-0.979129,0.999859,0.246045,3,11,0,4.35071,0.716677
-0.684459,0.75,0.246045,2,4,1,1.24215,0.319146
-0.730146,0.999139,0.246045,3,7,0,0.746784,0.401713
-0.725392,1,0.246045,1,1,0,0.730579,0.394067
-0.95597,0.663393,0.246045,1,3,1,1.77445,0.690793
-0.88559,1,0.246045,3,7,0,0.955449,0.609424
-0.871738,0.999862,0.246045,2,3,0,0.916877,0.592816
-0.804067,0.999774,0.246045,1,3,0,0.917528,0.507668
-0.775772,0.999904,0.246045,2,3,0,0.821689,0.469326
-1.27963,0.993936,0.246045,2,7,0,1.43276,1.02953
-0.739709,0.999743,0.246045,2,7,0,1.4738,0.41668
-0.676537,0.999145,0.246045,2,5,0,0.844796,0.301299
-0.654162,0.99875,0.246045,2,5,0,0.722112,0.224991
-0.654162,0,0.246045,0,1,1,1.28703,0.224991
-0.652366,0.999871,0.246045,2,5,0,0.65843,0.201436
-0.673145,0.99672,0.246045,2,7,0,0.707234,0.129131
-0.652476,0.994816,0.246045,2,7,0,0.714794,0.206175
-0.696449,0.997876,0.246045,2,7,0,0.698182,0.103476
-0.696449,0,0.246045,0,1,1,0.995898,0.103476
-0.696449,0,0.246045,0,1,1,1.40907,0.103476
-0.696449,0.4957,0.246045,1,1,0,0.833736,0.103476
-0.67498,0.47801,0.246045,1,2,1,1.04072,0.297548
-0.750819,0.726609,0.246045,1,3,0,0.906122,0.433468
-0.661583,0.998786,0.246045,2,7,0,0.87734,0.150475
-0.68009,0.382381,0.246045,2,3,0,0.917783,0.309535
-0.692957,0.5,0.246045,1,2,1,1.03119,0.106564
-0.692957,0,0.246045,0,1,1,1.83106,0.106564
-0.692957,2.60663e-05,0.246045,1,1,0,0.865607,0.106564
-0.735853,0.449062,0.246045,1,2,1,1.63424,0.410707
-0.802526,0.981027,0.246045,2,7,0,0.80435,0.505632
-0.654232,0.676978,0.246045,3,7,0,0.91936,0.225488
-0.755933,0.328219,0.246045,2,3,0,1.18391,0.441008
-1.03961,0.663244,0.246045,1,3,1,2.13956,0.782687
-1.02067,1,0.246045,2,3,0,1.03954,0.762236
-1.0291,0.999946,0.246045,2,3,0,1.04519,0.771358
-0.781877,0.833333,0.246045,2,6,1,1.03971,0.477781
-0.94351,0.6656,0.246045,1,3,0,1.28544,0.676703
-0.90382,1,0.246045,3,7,0,1.1445,0.63095
-0.660539,0.5,0.246045,1,2,1,2.2251,0.255612
-0.660539,0,0.246045,0,1,1,1.48197,0.255612
-0.90512,0.98568,0.246045,2,7,0,1.15351,0.632472
-0.918726,0.999909,0.246045,2,3,0,0.930066,0.6483
-1.02828,0.999504,0.246045,3,7,0,1.06223,0.770476
-0.925113,0.833278,0.246045,2,6,1,1.12093,0.655671
-0.907834,1,0.246045,2,3,0,0.924992,0.635644
-0.892162,1,0.246045,1,1,0,0.907742,0.617225
-0.991847,0.832993,0.246045,2,6,1,1.08351,0.730738
-0.917883,0.999869,0.246045,1,3,0,1.03298,0.647325
-0.714327,0.999646,0.246045,2,5,0,1.01587,0.375633
-0.652613,0.999556,0.246045,2,7,0,0.760253,0.191125
-0.666205,0.994477,0.246045,1,3,0,0.72686,0.274143
-0.860359,0.746174,0.246045,2,4,1,1.00848,0.578995
-0.709371,0.999936,0.246045,3,7,0,0.887834,0.36704
-0.7253,0.745151,0.246045,2,4,1,1.35932,0.0833869
-0.7253,0,0.246045,0,1,1,4.79918,0.0833869
-1.85808,0.809469,0.246045,3,9,0,1.97927,1.57765
-0.753189,0.875,0.246045,3,8,1,1.86526,0.436976
-0.813729,0.998718,0.246045,1,3,0,0.859715,0.520322
-0.915384,0.997202,0.246045,2,7,0,0.998207,0.0298249
-0.915384,0,0.246045,0,1,1,1.50299,0.0298249
-0.655832,1,0.246045,1,1,0,0.878872,0.168489
-0.703848,0.490285,0.246045,1,2,1,1.03607,0.357168
-1.30709,0.792674,0.246045,2,5,1,1.6048,1.0567
-0.951231,0.749632,0.246045,2,4,1,2.60042,0.685449
-0.665185,0.999848,0.246045,2,5,0,1.01236,0.27108
-0.765163,0.99879,0.246045,2,7,0,0.767835,0.454355
-0.661655,0.5,0.246045,1,2,1,1.59275,0.150301
-0.652359,0.995862,0.246045,3,7,0,0.751892,0.200074
-0.851777,0.473755,0.246045,1,2,1,2.16388,0.568454
-1.37696,0.993256,0.246045,2,7,0,1.95515,1.12515
-1.9097,0.998942,0.246045,2,5,0,1.99844,1.62484
-1.90012,0.999963,0.246045,2,3,0,1.96824,1.6161
-0.945083,0.874958,0.246045,3,8,1,2.09121,0.678489
-1.14224,0.997689,0.246045,2,7,0,1.52826,0.89063
-1.15396,0.999958,0.246045,1,1,0,1.15516,0.90269
-1.15313,1,0.246045,1,1,0,1.15906,0.90184
-1.20423,0.999488,0.246045,3,7,0,1.39513,0.953955
-1.5449,0.833019,0.246045,2,6,1,1.69339,1.28627
-1.50044,0.999998,0.246045,2,3,0,1.55326,1.24402
-1.48423,1,0.246045,1,1,0,1.50127,1.22855
-1.46115,1,0.246045,1,1,0,1.48424,1.20646
-1.28645,0.999781,0.246045,2,5,0,1.68923,1.03629
-0.973531,1,0.246045,2,7,0,1.3015,0.710455
-0.917015,0.999958,0.246045,1,3,0,0.99321,0.646319
-1.11563,0.997384,0.246045,2,7,0,1.52144,0.863051
-3.34223,0.870222,0.246045,3,8,1,3.68183,2.88574
-1.69043,0.87493,0.246045,3,8,1,5.12245,1.42288
-2.50909,0.79946,0.246045,2,5,1,3.58821,2.16143
-1.30807,0.999928,0.246045,3,9,0,2.82447,1.05767
-1.29601,1,0.246045,2,3,0,1.3095,1.04576
-3.59329,0.995634,0.246045,3,9,0,3.71367,3.10098
-3.66014,0.999964,0.246045,3,7,0,3.82822,3.15811
-3.65758,0.999997,0.246045,2,3,0,3.6908,3.15592
-3.37273,0.999995,0.246045,2,5,0,3.70648,2.91195
-2.92162,0.999963,0.246045,2,5,0,3.58526,2.52233
-2.14932,0.999801,0.246045,3,11,0,3.80623,1.84158
-2.25439,0.999888,0.246045,1,3,0,2.30395,1.9356
-1.64539,0.857143,0.246045,2,7,1,2.37724,1.38085
-1.75255,0.999787,0.246045,1,3,0,1.81217,1.48052
-1.23721,0.999756,0.246045,2,7,0,2.16771,0.987188
-0.944395,0.666667,0.246045,1,3,1,2.11395,0.677708
-0.652537,0.998574,0.246045,2,7,0,1.33746,0.207633
-2.26464,0.925671,0.246045,3,11,0,2.80116,1.94474
-2.62257,0.999819,0.246045,3,7,0,2.63029,2.26124
-2.52715,0.999992,0.246045,1,3,0,2.65788,2.17734
-1.34615,0.874987,0.246045,3,8,1,2.82261,1.09508
-0.846935,0.799879,0.246045,2,5,1,1.86131,0.562462
-0.670485,0.5,0.246045,1,2,1,1.5435,0.286117
-0.652963,0.999865,0.246045,2,7,0,0.674036,0.214225
-0.741008,0.328982,0.246045,2,3,0,1.12569,0.418674
-1.12637,0.992819,0.246045,2,7,0,1.49381,0.874212
-0.689044,0.999738,0.246045,2,7,0,1.26711,0.328734
-0.654326,0.999796,0.246045,2,7,0,0.697528,0.226145
-0.702727,0.909638,0.246045,1,3,0,0.84792,0.355123
-0.695381,0.999766,0.246045,3,7,0,0.732251,0.341315
-0.886296,0.74397,0.246045,2,4,1,1.55429,0.610264
-1.29333,0.832126,0.246045,2,6,1,1.35478,1.0431
-1.28146,1,0.246045,1,1,0,1.29478,1.03134
-0.94475,0.999754,0.246045,2,5,0,1.46264,0.678111
-1.80253,0.745972,0.246045,2,4,1,3.31332,1.52664
-1.89849,0.999855,0.246045,1,3,0,1.94041,1.61461
-1.80618,0.99998,0.246045,1,3,0,1.93591,1.53
-0.894195,0.875,0.246045,3,8,1,1.80092,0.619629
-1.20553,0.997391,0.246045,2,5,0,1.36778,0.95527
-1.89254,0.832445,0.246045,2,6,1,2.11173,1.60917
-1.35052,0.466595,0.246045,4,15,0,2.3404,1.09936
-0.716266,0.74972,0.246045,2,4,1,2.3954,0.378935
-0.656334,0.722164,0.246045,1,3,0,0.884483,0.237814
-0.868539,0.918926,0.246045,2,3,0,0.89242,0.0373507
-0.71931,0.297202,0.246045,1,2,1,1.90857,0.384053
-0.969626,0.994406,0.246045,2,5,0,1.1279,0.706101
-0.65256,0.433655,0.246045,3,7,0,1.07998,0.208124
-0.659605,0.998666,0.246045,2,7,0,0.680586,0.155632
-0.659605,0.39907,0.246045,1,1,0,0.902693,0.155632
-0.694826,0.974014,0.246045,2,7,0,1.01485,0.340241
-0.694826,0,0.246045,0,1,1,2.68383,0.340241
-0.652465,1,0.246045,1,3,0,0.878662,0.194258
-0.670686,0.995435,0.246045,2,3,0,0.722981,0.132866
-0.670686,0,0.246045,0,1,1,0.938692,0.132866
-1.02557,0.710967,0.246045,2,4,1,1.28468,0.767542
-0.872991,0.857128,0.246045,2,7,1,1.04545,0.594328
-1.02964,0.999066,0.246045,2,5,0,1.05279,0.771944
-1.01448,1,0.246045,1,1,0,1.02985,0.755516
-1.52137,0.7459,0.246045,2,4,1,4.03672,1.26394
-1.54091,0.999965,0.246045,1,1,0,1.5413,1.28249
-1.63463,0.999523,0.246045,3,7,0,1.92564,1.37078
-1.95494,0.857025,0.246045,2,7,1,2.05536,1.66604
-1.82789,0.999946,0.246045,1,3,0,2.0427,1.54996
-2.11893,0.999833,0.246045,2,7,0,2.72956,1.81428
-2.06581,0.999992,0.246045,3,7,0,2.15993,1.76644
-1.94833,0.999962,0.246045,1,3,0,2.13546,1.66003
-1.34829,0.8,0.246045,2,5,1,2.51911,1.09718
-1.36501,0.999894,0.246045,2,3,0,1.41256,1.11351
-1.1603,0.999538,0.246045,2,7,0,1.71377,0.909203
-1.15684,0.999976,0.246045,2,3,0,1.18085,0.905651
-1.40214,0.856855,0.246045,2,7,1,1.40317,1.14959
-1.44362,0.999888,0.246045,3,7,0,1.52598,1.18962
-2.52404,0.997911,0.246045,3,11,0,3.19679,2.1746
-1.73581,0.857108,0.246045,2,7,1,3.50496,1.46502
-1.83601,0.999831,0.246045,1,3,0,1.88427,1.55742
-3.28316,0.998818,0.246045,3,11,0,3.76781,2.83493
-2.87234,0.999975,0.246045,2,7,0,3.44744,2.47949
-2.98293,0.999935,0.246045,1,3,0,3.03442,2.57556
-5.97944,0.998977,0.246045,3,11,0,6.28097,5.10978
-6.09693,0.999995,0.246045,3,7,0,6.09746,5.20756
-6.21407,0.999985,0.246045,1,3,0,6.26584,5.30499
-7.3659,0.999903,0.246045,3,11,0,7.95301,6.25954
-5.13837,0.916667,0.246045,3,12,1,7.93383,4.40735
-2.15094,0.999955,0.246045,3,15,0,5.87555,1.84304
-2.25269,0.999894,0.246045,1,3,0,2.29801,1.93408
-1.3894,0.833333,0.246045,2,6,1,2.63237,1.13724
-3.38321,0.996054,0.246045,3,11,0,3.91955,2.92095
-3.59141,0.999903,0.246045,2,5,0,3.83694,3.09936
-4.09105,0.999845,0.246045,2,7,0,4.35891,3.52481
-3.73291,1,0.246045,3,7,0,4.10306,3.22021
-2.64478,0.999987,0.246045,3,11,0,3.90366,2.28072
-2.50465,0.999967,0.246045,1,3,0,2.74504,2.15751
-2.37656,0.99997,0.246045,1,3,0,2.58558,2.04426
-0.831915,0.999767,0.246045,3,11,0,3.1661,0.543637
-0.672889,0.428571,0.246045,3,7,0,0.916197,0.292352
-0.652623,0.992545,0.246045,1,3,0,0.760063,0.190958
-0.652504,0.999996,0.246045,3,7,0,0.652801,0.193271
-0.663148,0.996606,0.246045,1,3,0,0.707507,0.264644
-0.652401,0.999182,0.246045,2,5,0,0.693038,0.203655
-0.665416,0.99819,0.246045,1,3,0,0.691923,0.14213
-0.708828,0.48171,0.246045,1,2,1,1.18588,0.366083
-0.715913,0.99985,0.246045,1,1,0,0.715936,0.378335
-0.947916,0.74778,0.246045,2,4,1,1.08418,0.6817
-0.661012,0.999827,0.246045,2,7,0,1.01462,0.257334
-0.882656,0.484847,0.246045,1,2,1,2.04591,0.605925
-0.898901,0.999874,0.246045,1,1,0,0.898904,0.625176
-0.892275,0.999966,0.246045,2,3,0,0.912692,0.61736
-1.00842,0.998841,0.246045,2,5,0,1.13891,0.748908
-1.1042,0.999315,0.246045,1,3,0,1.17286,0.851121
-2.31412,0.745679,0.246045,2,4,1,5.19158,1.9888
-2.49963,0.999912,0.246045,3,7,0,2.54441,2.15308
-2.59812,0.999927,0.246045,1,3,0,2.63704,2.23977
-2.58719,1,0.246045,3,7,0,2.60118,2.23017
-2.20826,0.999966,0.246045,2,7,0,2.72916,1.89438
-2.20342,1,0.246045,1,1,0,2.21331,1.89006
-1.62485,0.857116,0.246045,2,7,1,2.68798,1.36161
-1.41519,0.857143,0.246045,2,7,1,1.65159,1.16221
-1.00312,0.666667,0.246045,1,3,1,3.08587,0.74312
-0.82169,0.743467,0.246045,3,7,0,1.39304,0.530604
-0.832099,0.999894,0.246045,1,1,0,0.832382,0.543871
-0.770565,0.99975,0.246045,1,3,0,0.874448,0.462024
-0.799297,0.999268,0.246045,3,7,0,0.878566,0.501345
-0.848668,0.822534,0.246045,2,7,0,0.869913,0.56461
-0.852215,0.999968,0.246045,1,1,0,0.854468,0.568995
-1.0206,1,0.246045,2,3,0,1.0206,0.0185021
-0.664201,0.771434,0.246045,1,1,0,1.29394,0.268028
-0.844053,0.991507,0.246045,2,5,0,0.976888,0.558878
-1.25955,0.743991,0.246045,2,4,1,3.22085,1.00954
-1.35788,0.999632,0.246045,1,3,0,1.41539,1.10655
-1.24909,0.999895,0.246045,1,3,0,1.43265,0.999093
-1.22303,0.999935,0.246045,2,3,0,1.28962,0.972941
-1.13543,1,0.246045,3,7,0,1.22274,0.883592
-0.667749,0.75,0.246045,2,4,1,1.44741,0.13778
-0.655582,0.992732,0.246045,1,3,0,0.74621,0.233851
-1.07627,0.725478,0.246045,2,4,1,1.76644,0.821754
-0.779195,0.811667,0.246045,2,5,0,1.25758,0.474081
-0.654575,0.920807,0.246045,2,5,0,0.864471,0.22782
-0.654575,0,0.246045,0,1,1,1.92314,0.22782
-0.656386,0.999939,0.246045,3,7,0,0.657859,0.238076
-0.85432,0.483916,0.246045,1,2,1,1.91732,0.571589
-0.70284,0.999827,0.246045,2,5,0,0.906881,0.355331
-0.714962,0.999603,0.246045,3,7,0,0.746109,0.376718
-0.977256,0.994583,0.246045,2,7,0,1.15654,0.714598
-0.86828,0.999961,0.246045,3,7,0,1.0064,0.588634
-1.13605,0.665232,0.246045,1,3,1,1.93705,0.884238
-1.04386,0.999994,0.246045,3,7,0,1.14897,0.787242
-1.05827,0.999978,0.246045,2,3,0,1.05871,0.802644
-0.972046,0.999852,0.246045,1,3,0,1.11342,0.708801
-0.904576,0.999891,0.246045,1,3,0,1.00532,0.631836
-0.724048,1,0.246045,3,7,0,0.841309,0.391877
-0.655365,0.5,0.246045,1,2,1,1.1578,0.17057
-0.652537,0.999854,0.246045,2,7,0,0.658274,0.192557
-0.940296,1,0.246045,1,1,0,0.946487,0.026559
-0.785017,0.830569,0.246045,2,3,0,0.898609,0.0577756
-0.785017,0,0.246045,0,1,1,0.977211,0.0577756
-1.11606,0.739141,0.246045,4,15,0,1.80689,0.863491
-0.816757,0.833264,0.246045,2,6,1,1.28399,0.524247
-0.708109,0.666667,0.246045,1,3,1,1.02799,0.364814
-0.927874,0.996707,0.246045,3,7,0,0.928109,0.658847
-1.46612,0.747966,0.246045,2,4,1,2.02873,1.21122
-0.834508,0.5,0.246045,1,2,1,5.84126,0.546914
-1.09021,0.66506,0.246045,1,3,1,1.8582,0.836455
-1.18183,0.857051,0.246045,2,7,1,1.18187,0.93121
-1.67596,0.856601,0.246045,2,7,1,1.75469,1.4094
-1.187,0.8,0.246045,2,5,1,2.05072,0.936471
-1.09563,0.999893,0.246045,1,3,0,1.24143,0.842145
-0.919396,0.833333,0.246045,2,6,1,1.12446,0.649076
-1.23933,0.832224,0.246045,2,6,1,1.40641,0.989313
-1.09649,0.833282,0.246045,2,6,1,1.40128,0.843049
-1.52963,0.665307,0.246045,1,3,1,3.28453,1.27179
-1.04805,0.833333,0.246045,2,6,1,1.61051,0.79173
-1.48162,0.997479,0.246045,2,7,0,1.78968,1.22606
-2.01782,0.856659,0.246045,2,7,1,2.43706,1.72307
-2.37038,0.833127,0.246045,2,6,1,3.27027,2.03877
-2.05047,0.999728,0.246045,2,7,0,3.09567,1.7526
-2.0334,1,0.246045,2,3,0,2.05161,1.73717
-1.26575,0.874776,0.246045,3,8,1,3.06274,1.01572
-1.35857,0.999666,0.246045,1,3,0,1.40774,1.10723
-1.34728,1,0.246045,2,3,0,1.3603,1.09619
-1.66769,0.799401,0.246045,2,5,1,2.51306,1.40169
-1.65014,1,0.246045,1,1,0,1.66845,1.38529
-1.55731,0.999966,0.246045,1,3,0,1.69177,1.29801
-1.58343,0.999919,0.246045,3,7,0,1.67694,1.32267
-1.59503,0.999981,0.246045,1,1,0,1.59707,1.3336
-1.8787,0.999084,0.246045,2,7,0,2.48443,1.59653
-1.86151,0.999997,0.246045,3,7,0,1.89861,1.5808
-2.0963,0.99983,0.246045,3,7,0,2.12327,1.79392
-2.21531,0.999857,0.246045,1,3,0,2.28532,1.90069
-2.1535,1,0.246045,3,7,0,2.22164,1.84533
-4.72488,0.873861,0.246045,3,8,1,5.73114,4.06015
-5.36653,0.999847,0.246045,2,7,0,5.85618,4.59836
-3.42031,0.99998,0.246045,3,11,0,5.75627,2.9528
-3.30944,0.999991,0.246045,1,3,0,3.47012,2.85754
-2.41986,0.909065,0.246045,3,11,1,3.64762,2.08261
-2.41671,1,0.246045,3,7,0,2.4258,2.07982
-1.71962,0.857143,0.246045,2,7,1,2.6022,1.45001
-1.06307,0.666667,0.246045,1,3,1,5.80058,0.807753
-0.834895,0.666667,0.246045,1,3,1,1.66984,0.547402
-0.903335,0.999123,0.246045,1,3,0,0.94612,0.630382
-0.795704,0.99926,0.246045,2,7,0,0.991486,0.0544429
-0.795704,0,0.246045,0,1,1,1.39511,0.0544429
-0.795704,0,0.246045,0,1,1,2.95476,0.0544429
-0.795704,0,0.246045,0,1,1,2.38598,0.0544429
-0.65237,0.987203,0.246045,2,3,0,0.849591,0.198168
-0.672733,0.99083,0.246045,1,3,0,0.749649,0.291957
-0.813436,0.606435,0.246045,3,7,0,0.883568,0.519941
-0.80356,1,0.246045,1,1,0,0.813591,0.506999
-0.745896,0.999944,0.246045,2,7,0,0.845576,0.426101
-0.92035,0.665014,0.246045,1,3,1,1.36703,0.650178
-0.653117,1,0.246045,2,5,0,0.993754,0.215971
-0.653117,0,0.246045,0,1,1,1.58013,0.215971
-0.653117,0,0.246045,0,1,1,1.14804,0.215971
-0.668966,0.999195,0.246045,2,5,0,0.672546,0.282011
-0.759361,0.997456,0.246045,2,5,0,0.788693,0.446003
-0.996985,0.832057,0.246045,2,6,1,1.01051,0.736388
-0.692131,0.75,0.246045,2,4,1,1.26544,0.334951
-0.652368,0.990515,0.246045,1,3,0,0.843794,0.201692
-0.65236,0.999999,0.246045,3,7,0,0.652415,0.200185
-0.667217,0.995671,0.246045,1,3,0,0.718075,0.277093
-0.802865,1,0.246045,2,3,0,1.31107,0.50608
-0.707335,0.99896,0.246045,2,7,0,0.967794,0.363439
-0.661241,0.998573,0.246045,2,5,0,0.776947,0.151316
-0.652801,0.999453,0.246045,1,3,0,0.668997,0.188349
-0.652729,0.999992,0.246045,2,5,0,0.65309,0.211071
-0.728807,1,0.246045,2,3,0,0.796404,0.0814211
-0.663183,0.473485,0.246045,1,2,1,0.996713,0.264759
-0.663183,0,0.246045,0,1,1,1.65097,0.264759
-0.663183,0,0.246045,0,1,1,1.85852,0.264759
-0.681299,0.999638,0.246045,3,7,0,0.686757,0.118543
-0.721389,0.989593,0.246045,1,1,0,0.72177,0.0856769
-0.684342,1,0.246045,1,1,0,0.712166,0.115123
-0.955434,0.944387,0.246045,2,7,0,1.16312,0.69019
-0.991566,0.999261,0.246045,3,7,0,1.16338,0.730428
-0.97931,1,0.246045,1,1,0,0.992115,0.716878
-1.198,0.997173,0.246045,2,7,0,1.66183,0.947644
-1.79305,0.998221,0.246045,2,7,0,1.93643,1.51791
-1.50949,0.999999,0.246045,4,15,0,1.80535,1.25265
-1.36402,0.999933,0.246045,4,15,0,1.67789,1.11255
-1.28227,0.99996,0.246045,1,3,0,1.39812,1.03215
-1.65726,0.874454,0.246045,3,8,1,1.84045,1.39195
-1.46554,0.999781,0.246045,2,7,0,1.91946,1.21066
-1.80565,0.999383,0.246045,2,7,0,1.93374,1.52951
-1.75924,0.999989,0.246045,3,7,0,1.84655,1.4867
-1.64923,0.999951,0.246045,1,3,0,1.82287,1.38445
-1.49032,0.999872,0.246045,2,5,0,1.81722,1.23437
-1.06165,0.666667,0.246045,1,3,1,3.23654,0.806249
-0.748323,1,0.246045,2,7,0,1.09954,0.429746
-0.749779,0.999997,0.246045,3,7,0,0.751722,0.431921
-0.793625,0.999769,0.246045,3,7,0,0.793746,0.493758
-0.669766,0.666667,0.246045,1,3,1,1.18106,0.284191
-0.772203,0.664296,0.246045,1,3,1,1.05958,0.46433
-1.1907,0.491232,0.246045,1,2,1,3.3947,0.940234
-2.14018,0.797059,0.246045,2,5,1,3.8217,1.83338
-2.02703,1,0.246045,2,3,0,2.14008,1.73141
-2.20101,0.999779,0.246045,2,5,0,2.38385,1.8879
-2.70432,0.999569,0.246045,2,7,0,3.01295,2.33288
-2.31194,0.999965,0.246045,2,7,0,2.85861,1.98686
-2.92487,0.888652,0.246045,3,9,1,3.42509,2.52516
-2.99041,0.999961,0.246045,2,3,0,3.03118,2.58204
-2.96557,0.999997,0.246045,2,3,0,3.01019,2.5605
-0.696078,0.999975,0.246045,3,11,0,3.12321,0.342658
-0.657036,0.999454,0.246045,2,5,0,0.703119,0.241216
-0.656572,1,0.246045,1,1,0,0.657093,0.238996
-0.656572,7.54028e-19,0.246045,1,1,0,1.23287,0.238996
-0.656572,0,0.246045,0,1,1,1.72495,0.238996
-0.656572,0,0.246045,0,1,1,1.30932,0.238996
-0.654569,0.997955,0.246045,3,7,0,0.722758,0.227784
-0.653691,1,0.246045,3,7,0,0.654683,0.221358
-0.816992,0.987871,0.246045,2,5,0,0.970456,0.524551
-0.691884,0.5,0.246045,1,2,1,2.3422,0.107553
-0.710992,0.601717,0.246045,3,7,0,0.84706,0.369876
-0.990323,0.798149,0.246045,2,5,0,1.02867,0.729058
-1.09252,0.999203,0.246045,1,3,0,1.17504,0.838874
-0.681784,0.999362,0.246045,2,7,0,1.36536,0.117982
-0.691824,0.997727,0.246045,1,1,0,0.694116,0.107609
-0.747752,0.980885,0.246045,1,1,0,0.750541,0.0720093
-0.68893,1,0.246045,1,1,0,0.73021,0.110381
-0.656454,0.87085,0.246045,2,3,0,1.08309,0.238411
-0.660739,0.999739,0.246045,2,3,0,0.662901,0.256346
-0.658982,0.999581,0.246045,2,5,0,0.678575,0.157426
-0.658982,0.00624419,0.246045,1,1,0,0.928486,0.157426
-0.658982,0,0.246045,0,1,1,2.0632,0.157426
-0.712025,0.997161,0.246045,2,3,0,0.729397,0.0916378
-1.8628,0.674226,0.246045,3,8,1,2.69601,1.58197
-1.68144,0.999876,0.246045,2,5,0,2.07923,1.41451
-1.57221,0.999945,0.246045,1,3,0,1.74565,1.31209
-1.15294,0.999752,0.246045,2,7,0,1.83398,0.90165
-0.905706,1,0.246045,3,7,0,1.15679,0.633158
-1.21618,0.997518,0.246045,2,5,0,1.37434,0.966032
-0.878421,0.666667,0.246045,1,3,1,2.46699,0.600857
-0.659392,0.999246,0.246045,2,7,0,1.07479,0.251262
-0.653573,0.998916,0.246045,2,7,0,0.702165,0.180934
-0.653573,0,0.246045,0,1,1,1.0787,0.180934
-0.739813,0.991151,0.246045,2,7,0,0.831797,0.416839
-0.965465,0.663964,0.246045,1,3,1,1.71296,0.701451
-1.05748,0.99925,0.246045,1,3,0,1.1237,0.801809
-1.12133,0.999594,0.246045,3,7,0,1.23093,0.868978
-0.85532,0.666667,0.246045,1,3,1,1.92169,0.572818
-1.22638,0.99657,0.246045,2,7,0,1.49051,0.976307
-0.803909,0.75,0.246045,2,4,1,1.60746,0.507459
-1.19851,0.662459,0.246045,1,3,1,3.07281,0.948162
-1.21121,0.999959,0.246045,1,1,0,1.21232,0.961015
-1.26864,0.999944,0.246045,3,7,0,1.2721,1.01859
-1.07996,0.999907,0.246045,2,5,0,1.57639,0.825653
-1.21825,0.999227,0.246045,2,5,0,1.37131,0.968117
-1.57892,0.856669,0.246045,2,7,1,1.75041,1.31842
-1.46159,0.999848,0.246045,3,7,0,1.76438,1.20688
-1.30204,0.999818,0.246045,2,5,0,1.64512,1.05172
-2.03073,0.799105,0.246045,2,5,1,2.9389,1.73476
-2.05896,0.999991,0.246045,2,3,0,2.05896,1.76026
-2.06816,0.999991,0.246045,1,1,0,2.07145,1.76856
-2.05742,1,0.246045,2,3,0,2.07094,1.75887
-0.699985,0.874772,0.246045,3,8,1,2.87749,0.100532
-0.699985,0,0.246045,0,1,1,1.04353,0.100532
-0.872218,0.714997,0.246045,2,4,1,1.01996,0.593396
-0.940902,0.999273,0.246045,1,3,0,0.979419,0.673739
-1.48342,0.663005,0.246045,1,3,1,4.49675,1.22778
-1.07104,0.8,0.246045,2,5,1,1.74918,0.816216
-0.852371,0.833293,0.246045,2,6,1,1.13888,0.569188
-0.662987,0.5,0.246045,1,2,1,1.70941,0.264116
-0.657771,0.999859,0.246045,2,5,0,0.667336,0.161222
-0.657771,0,0.246045,0,1,1,1.03042,0.161222
-0.658695,0.996783,0.246045,2,3,0,0.716266,0.158286
-0.652737,0.999941,0.246045,2,5,0,0.661047,0.211188
-0.659406,0.999477,0.246045,3,7,0,0.668494,0.251318
-0.672915,0.996737,0.246045,3,7,0,0.76804,0.292418
-0.729647,0.998714,0.246045,2,5,0,0.824385,0.400918
-0.734893,0.999895,0.246045,2,3,0,0.742143,0.409208
-0.729756,1,0.246045,2,3,0,0.735292,0.401092
-0.862709,0.665405,0.246045,1,3,1,1.14346,0.581863
-0.654402,0.5,0.246045,1,2,1,2.0357,0.226667
-0.666978,0.998775,0.246045,2,5,0,0.685649,0.276404
-0.666978,0.000625047,0.246045,1,1,0,1.41118,0.276404
-0.749262,0.795793,0.246045,2,5,1,0.957216,0.43115
-0.679668,0.99577,0.246045,1,3,0,0.869112,0.308578
-0.834803,0.51311,0.246045,3,7,0,0.912227,0.547286
-0.995566,0.999404,0.246045,2,7,0,1.02494,0.73483
-1.09579,0.999238,0.246045,1,3,0,1.17392,0.842307
-1.11036,0.999941,0.246045,1,1,0,1.1109,0.857553
-1.2094,0.999468,0.246045,1,3,0,1.27577,0.95919
-2.24528,0.831792,0.246045,2,6,1,2.89573,1.92747
-2.70005,0.999209,0.246045,3,11,0,4.21103,2.32914
-2.1261,0.999919,0.246045,3,9,0,3.13465,1.82072
-2.64572,0.999424,0.246045,2,7,0,2.98438,2.28154
-2.66618,0.999989,0.246045,1,1,0,2.66698,2.29948
-1.74446,0.833285,0.246045,2,6,1,4.06103,1.47303
-2.24015,0.999167,0.246045,2,7,0,2.56211,1.92288
-1.83153,0.999894,0.246045,4,15,0,2.6538,1.5533
-1.38422,0.999982,0.246045,2,5,0,1.87605,1.13221
-1.67851,0.99862,0.246045,2,7,0,2.37468,1.41178
-2.38811,0.874623,0.246045,3,8,1,2.42238,2.05449
-2.27055,0.999973,0.246045,1,3,0,2.45374,1.95
-2.8204,0.999636,0.246045,2,5,0,2.892,2.43425
-2.8137,1,0.246045,2,3,0,2.82507,2.42841
-2.82078,0.999997,0.246045,1,1,0,2.82531,2.43457
-2.86365,0.999966,0.246045,2,3,0,2.91309,2.47192
-2.8502,0.999998,0.246045,3,7,0,2.88802,2.46021
-2.01416,0.999967,0.246045,4,15,0,3.12149,1.71976
-1.11346,0.999961,0.246045,3,9,0,2.15056,0.860785
-1.18972,0.669421,0.246045,2,3,0,1.52863,0.00896859
-1.18598,0.0981666,0.246045,4,15,0,3.10915,0.935438
-0.792686,0.999371,0.246045,2,7,0,1.51836,0.492494
-0.845941,0.999492,0.246045,2,3,0,0.846024,0.561227
-1.1097,0.665083,0.246045,1,3,1,1.91214,0.856866
-0.820905,0.999696,0.246045,2,5,0,1.26216,0.529596
-1.06392,0.747227,0.246045,2,4,1,1.77425,0.808664
-1.30889,0.856786,0.246045,2,7,1,1.31076,1.05847
-0.955077,0.666667,0.246045,1,3,1,2.58323,0.689787
-0.700699,0.999474,0.246045,2,5,0,1.13046,0.351384
-0.892305,0.995145,0.246045,2,5,0,0.990946,0.617395
-0.883691,1,0.246045,1,1,0,0.893194,0.60716
-1.09993,0.998699,0.246045,2,5,0,1.60693,0.84665
-1.26839,0.999842,0.246045,2,7,0,1.28512,1.01835
-1.55808,0.833108,0.246045,2,6,1,1.64781,1.29874
-1.85139,0.83304,0.246045,2,6,1,2.50872,1.57152
-0.803964,0.74971,0.246045,2,4,1,4.3334,0.507532
-0.689852,0.666667,0.246045,1,3,1,1.07203,0.330378
-0.654126,0.998639,0.246045,2,7,0,0.781382,0.224729
-0.69869,0.938608,0.246045,1,3,0,0.82993,0.347626
-0.674495,0.999647,0.246045,2,7,0,0.697967,0.296361
-0.928072,0.991003,0.246045,2,7,0,1.15001,0.659074
-0.853167,0.999801,0.246045,1,3,0,0.977968,0.570169
-2.13481,0.792148,0.246045,2,5,1,3.40887,1.82856
-1.91683,0.888818,0.246045,3,9,1,2.44969,1.63135
-0.65562,0.87494,0.246045,3,8,1,2.15085,0.169414
-0.674771,0.997288,0.246045,1,3,0,0.824618,0.297037
-0.664094,0.999951,0.246045,1,3,0,0.678563,0.267691
-0.735645,0.994007,0.246045,2,7,0,0.911001,0.410383
-0.935829,0.664359,0.246045,1,3,1,1.54007,0.667957
-0.927774,1,0.246045,1,1,0,0.937113,0.658731
-0.864307,0.99988,0.246045,1,3,0,0.95931,0.58381
-0.832622,0.999233,0.246045,2,7,0,0.931043,0.0447456
-1.57796,0.585007,0.246045,3,8,1,1.79507,1.31752
-1.45483,0.99991,0.246045,1,3,0,1.66949,1.2004
-1.16339,0.999931,0.246045,2,5,0,1.55292,0.912367
-1.08226,0.857124,0.246045,2,7,1,1.20375,0.828082
-0.826841,0.666667,0.246045,1,3,1,1.85335,0.537193
-0.800375,0.999997,0.246045,2,3,0,0.830561,0.502779
-0.788873,1,0.246045,1,1,0,0.800284,0.48734
-0.840056,0.999504,0.246045,2,3,0,0.840196,0.553885
-0.831548,1,0.246045,1,1,0,0.84064,0.543173
-1.11043,0.799008,0.246045,2,5,1,1.24973,0.857626
-0.737173,0.75,0.246045,2,4,1,1.45014,0.412761
-0.697015,0.999694,0.246045,1,3,0,0.766633,0.344453
-0.683012,0.999902,0.246045,2,3,0,0.705224,0.316019
-1.04305,0.575871,0.246045,2,3,0,1.3753,0.0167665
-0.71311,1,0.246045,1,1,0,0.840851,0.0909092
-0.71311,0,0.246045,0,1,1,1.60756,0.0909092
-0.71311,0,0.246045,0,1,1,1.3956,0.0909092
-0.733654,0.957904,0.246045,2,7,0,0.935416,0.407265
-0.839871,0.998878,0.246045,3,7,0,0.855127,0.553653
-0.714549,0.749655,0.246045,2,4,1,1.10744,0.376013
-1.48906,0.867141,0.246045,3,8,1,1.48908,1.23316
-3.30674,0.997383,0.246045,3,9,0,3.43702,2.85522
-2.36764,0.999948,0.246045,3,11,0,3.70321,2.03634
-3.35077,0.999274,0.246045,2,7,0,3.80149,2.89308
-2.79612,0.909064,0.246045,3,11,1,3.72203,2.41308
-2.7889,1,0.246045,1,1,0,2.80058,2.40678
-1.96979,0.999893,0.246045,4,15,0,3.35684,1.67953
-2.01607,0.999986,0.246045,3,7,0,2.02604,1.7215
-1.99328,0.99997,0.246045,2,3,0,2.06932,1.70085
-1.25763,0.833333,0.246045,2,6,1,2.25029,1.00762
-0.988385,0.857143,0.246045,2,7,1,1.2628,0.72692
-0.744832,0.666667,0.246045,1,3,1,1.82967,0.424494
-0.660288,0.999666,0.246045,3,7,0,0.794403,0.254684
-0.762238,0.977157,0.246045,1,3,0,1.10756,0.450161
-0.911922,0.665559,0.246045,1,3,1,1.22319,0.640408
-0.837937,0.999786,0.246045,1,3,0,0.96256,0.551229
-0.927558,0.99897,0.246045,2,5,0,1.00884,0.658483
-1.34372,0.664294,0.246045,1,3,1,3.1532,1.09271
-1.25547,0.999941,0.246045,1,3,0,1.38674,1.00547
-1.58389,0.856753,0.246045,2,7,1,1.71368,1.32311
-2.15696,0.874605,0.246045,3,8,1,2.26005,1.84843
-1.66135,0.999871,0.246045,2,7,0,2.48439,1.39577
-1.55427,0.999946,0.246045,1,3,0,1.72271,1.29514
-1.66249,0.999752,0.246045,1,3,0,1.72579,1.39684
-1.52134,0.857124,0.246045,2,7,1,1.78747,1.26392
-1.14838,0.799806,0.246045,2,5,1,2.77838,0.896958
-0.919344,0.998954,0.246045,2,7,0,1.69117,0.649016
-0.989604,0.756238,0.246045,2,7,0,1.02591,0.728265
-1.2964,0.665616,0.246045,1,3,1,2.22695,1.04615
-2.46495,0.873618,0.246045,3,8,1,2.54347,2.12248
-2.16883,0.999963,0.246045,3,7,0,2.60607,1.85908
-1.98851,1,0.246045,3,7,0,2.17466,1.69653
-1.55331,0.874955,0.246045,3,8,1,2.23006,1.29423
-1.41092,0.85712,0.246045,2,7,1,1.68659,1.15809
-1.04556,0.666667,0.246045,1,3,1,2.68541,0.789068
-0.933803,0.99974,0.246045,2,5,0,1.15584,0.665642
-1.01181,0.995779,0.246045,4,15,0,2.07924,0.752601
-1.35933,0.665458,0.246045,1,3,1,2.53982,1.10797
-1.03352,0.666667,0.246045,1,3,1,2.37525,0.776126
-1.16431,0.999183,0.246045,2,5,0,1.30503,0.913314
-1.643,0.799349,0.246045,2,5,1,2.00527,1.37862
-1.65266,0.999973,0.246045,3,7,0,1.70829,1.38765
-1.92554,0.833106,0.246045,2,6,1,2.47454,1.63929
-2.49451,0.999317,0.246045,2,7,0,2.93359,2.14857
-1.31363,0.888884,0.246045,3,9,1,2.57346,1.06315
-2.99741,0.997311,0.246045,3,11,0,3.81471,2.58811
-2.99929,1,0.246045,3,7,0,3.00612,2.58975
-2.21247,0.999804,0.246045,3,11,0,3.91687,1.89815
-2.69318,0.999548,0.246045,2,5,0,2.96649,2.32313
-2.71499,0.999996,0.246045,2,3,0,2.7156,2.34221
-2.61058,0.999988,0.246045,1,3,0,2.76015,2.25071
-0.962041,0.874987,0.246045,3,8,1,2.9558,0.697616
-1.32642,0.832207,0.246045,2,6,1,1.54505,1.07573
-1.3402,0.999966,0.246045,1,1,0,1.34132,1.08926
-1.15988,0.857143,0.246045,2,7,1,1.35953,0.908767
-1.33693,0.93279,0.246045,3,15,1,1.59017,1.08606
-2.45685,0.832014,0.246045,2,6,1,3.21355,2.11533
-2.97274,0.999725,0.246045,3,9,0,3.29133,2.56672
-2.98582,0.999993,0.246045,2,3,0,3.01059,2.57806
-3.36579,0.999849,0.246045,2,7,0,3.49545,2.90598
-3.35283,1,0.246045,2,3,0,3.36852,2.89485
-1.10961,0.999956,0.246045,3,11,0,3.69488,0.856768
-1.54635,0.998545,0.246045,2,5,0,1.6006,1.28765
-3.1779,0.89841,0.246045,3,10,1,3.44699,2.74422
-1.59519,0.89995,0.246045,3,10,1,3.82656,1.33375
-1.73464,0.857057,0.246045,2,7,0,1.8532,1.46393
-2.18858,0.856988,0.246045,2,7,1,2.44582,1.87677
-2.35864,0.999868,0.246045,3,7,0,2.46864,2.02835
-0.822808,0.88877,0.246045,3,9,1,3.14217,0.532039
-0.65602,0.749659,0.246045,2,4,1,1.04223,0.167697
-0.65932,0.99561,0.246045,1,3,0,0.723614,0.250978
-0.759382,0.996536,0.246045,1,3,0,1.10354,0.446034
-0.812298,0.998993,0.246045,1,3,0,0.844264,0.51846
-1.50598,0.86587,0.246045,3,8,1,2.59417,1.2493
-1.59728,0.999864,0.246045,2,3,0,1.5977,1.33572
-1.45534,0.999893,0.246045,2,5,0,1.72716,1.20088
-0.908464,0.999868,0.246045,2,7,0,1.59993,0.636379
-0.654502,0.5,0.246045,1,2,1,2.90025,0.174944
-0.653046,0.99989,0.246045,2,7,0,0.656897,0.215186
-0.739187,0.428726,0.246045,2,3,0,1.10912,0.415877
-0.747701,0.999953,0.246045,2,3,0,0.747773,0.428815
-0.710295,0.999225,0.246045,2,7,0,0.768264,0.368661
-0.998995,0.992392,0.246045,2,7,0,1.22424,0.738595
-1.26882,0.856679,0.246045,2,7,1,1.27512,1.01878
-1.15691,0.99986,0.246045,1,3,0,1.35475,0.905728
-1.88942,0.831586,0.246045,2,6,1,2.85782,1.60632
-1.98027,0.999881,0.246045,1,3,0,2.01525,1.68905
-2.46611,0.899709,0.246045,3,10,1,2.75776,2.1235
-2.90784,0.899878,0.246045,3,10,1,3.11848,2.51036
-2.883,1,0.246045,2,3,0,2.90812,2.48876
-2.31755,0.99945,0.246045,3,13,0,5.25624,1.99186
-1.68045,0.857143,0.246045,2,7,1,2.45851,1.41358
-2.90604,0.832485,0.246045,2,6,1,3.78304,2.50879
-4.26376,0.999488,0.246045,3,9,0,4.61614,3.67111
-4.08128,0.999991,0.246045,3,7,0,4.38614,3.51652
-1.28645,0.888881,0.246045,3,9,1,4.75412,1.03629
-1.60232,0.799333,0.246045,2,5,1,2.44083,1.34046
-2.32728,0.856743,0.246045,2,7,1,2.54471,2.00051
-2.3548,0.999958,0.246045,2,3,0,2.40839,2.02495
-1.84141,0.888852,0.246045,3,9,1,2.69893,1.56237
-1.32861,0.999789,0.246045,2,7,0,2.2363,1.07789
-0.673286,0.75,0.246045,2,4,1,1.71489,0.293352
-0.681185,0.5,0.246045,1,2,1,0.938354,0.118675
-0.936459,0.770894,0.246045,2,3,0,1.03241,0.0270338
-0.771258,0.258915,0.246045,2,4,1,2.66081,0.463001
-1.84754,0.879228,0.246045,3,9,1,2.19098,1.56799
-0.77861,0.99986,0.246045,3,9,0,2.16845,0.47327
-0.829527,0.999474,0.246045,2,3,0,0.829604,0.54061
-0.822706,1,0.246045,2,3,0,0.830453,0.531907
-0.652514,1,0.246045,2,5,0,0.8573,0.193048
-1.19168,0.720985,0.246045,2,4,1,1.56725,0.941236
-0.863293,0.8,0.246045,2,5,1,1.38363,0.582574
-1.37189,0.993892,0.246045,2,7,0,1.90352,1.12021
-1.48401,0.999645,0.246045,1,3,0,1.55937,1.22834
-1.78783,0.999537,0.246045,3,7,0,1.83956,1.51309
-1.68658,1,0.246045,2,3,0,1.78782,1.4193
-1.18879,0.999748,0.246045,2,7,0,2.0775,0.938299
-1.6184,0.99881,0.246045,2,5,0,1.66472,1.35556
-1.0253,0.999453,0.246045,2,7,0,2.2625,0.767254
-0.739481,0.666667,0.246045,1,3,1,2.17856,0.416329
-0.656417,1,0.246045,2,5,0,0.754893,0.166098
-0.704113,0.489733,0.246045,1,2,1,1.0472,0.35765
-0.881916,0.663863,0.246045,1,3,1,1.43981,0.605041
-1.02455,0.833029,0.246045,2,6,1,1.04034,0.766441
-1.37354,0.998313,0.246045,2,7,0,1.55702,1.12182
-2.82178,0.886881,0.246045,3,9,1,3.35784,2.43545
-2.81557,1,0.246045,1,1,0,2.82665,2.43004
-2.17212,0.999976,0.246045,2,7,0,2.94423,1.86203
-2.26517,0.99991,0.246045,1,3,0,2.30015,1.94521
-1.94593,0.999975,0.246045,2,5,0,2.35507,1.65785
-1.11928,0.999818,0.246045,2,7,0,2.32446,0.866843
-0.817242,0.666667,0.246045,1,3,1,2.20902,0.524875
-0.765008,0.999819,0.246045,1,3,0,0.846345,0.454134
-0.664115,0.997683,0.246045,2,7,0,1.06726,0.267756
-0.664115,0,0.246045,0,1,1,1.55173,0.267756
-0.99788,0.98092,0.246045,2,7,0,1.40917,0.737371
-0.980559,1,0.246045,1,1,0,0.997831,0.718263
-0.731442,0.666667,0.246045,1,3,1,1.89522,0.403774
-0.653603,0.5,0.246045,1,2,1,1.17324,0.180709
-0.659446,0.99723,0.246045,2,7,0,0.704557,0.251473
-0.742724,0.5,0.246045,1,2,1,0.918559,0.0743291
-0.742724,0,0.246045,0,1,1,1.15085,0.0743291
-0.740421,1,0.246045,1,1,0,0.766368,0.0754321
-0.899461,0.821938,0.246045,1,1,0,1.02608,0.0321596
-0.899461,0,0.246045,0,1,1,2.03053,0.0321596
-0.899461,0,0.246045,0,1,1,2.24976,0.0321596
-0.827388,1,0.246045,1,1,0,0.960421,0.0459739
-0.744585,1,0.246045,1,1,0,0.809271,0.0734568
-0.730832,1,0.246045,1,1,0,0.757917,0.0803211
-0.720074,1,0.246045,1,1,0,0.7412,0.0864718
-1.01908,0.771369,0.246045,3,7,0,1.41034,0.760512
-1.02778,0.999994,0.246045,3,7,0,1.02935,0.76993
-1.3651,0.998172,0.246045,2,5,0,1.53266,1.1136
-1.42927,0.999625,0.246045,3,7,0,1.63167,1.17581
-1.41242,1,0.246045,1,1,0,1.4299,1.15954
-0.973009,0.833333,0.246045,2,6,1,1.47756,0.709873
-0.694549,0.5,0.246045,1,2,1,2.26295,0.339702
-0.699721,0.999872,0.246045,1,1,0,0.699793,0.349562
-0.866795,0.663958,0.246045,1,3,1,1.37765,0.586833
-0.805849,0.955768,0.246045,2,7,0,0.866154,0.510017
-1.32456,0.74652,0.246045,2,4,1,1.92438,1.07391
-0.838422,0.799878,0.246045,2,5,1,1.81612,0.551838
-1.01134,0.907413,0.246045,2,7,0,1.04787,0.752088
-1.53875,0.798836,0.246045,2,5,1,2.04044,1.28044
-1.54953,0.999989,0.246045,3,7,0,1.57045,1.29065
-1.06571,0.8,0.246045,2,5,1,1.94202,0.810561
-0.745109,0.749406,0.246045,2,4,1,1.94819,0.0732144
-0.762055,0.381917,0.246045,1,2,1,2.15804,0.449897
-0.726981,1,0.246045,3,7,0,0.761751,0.39664
-0.77704,0.998737,0.246045,1,3,0,0.812807,0.471091
-1.21874,0.797273,0.246045,2,5,1,1.32496,0.968619
-0.818764,0.99942,0.246045,2,7,0,1.54745,0.52684
-0.938115,0.998245,0.246045,2,5,0,1.10142,0.670565
-1.03296,0.999585,0.246045,3,7,0,1.07283,0.775522
-1.67967,0.997021,0.246045,2,7,0,1.8879,1.41286
-1.40696,0.857143,0.246045,2,7,1,1.74728,1.15426
-1.52189,0.999734,0.246045,3,7,0,1.63258,1.26444
-1.42393,0.999946,0.246045,1,3,0,1.57324,1.17065
-0.914712,0.799897,0.246045,2,5,1,1.923,0.643649
-0.971217,0.99987,0.246045,2,7,0,0.991403,0.707877
-0.757143,0.666667,0.246045,1,3,1,1.60554,0.442776
-0.961034,0.664739,0.246045,1,3,1,1.54396,0.696485
-0.88603,0.999937,0.246045,3,7,0,1.00237,0.609948
-0.969571,0.999099,0.246045,1,3,0,1.03037,0.70604
-0.723956,0.75,0.246045,2,4,1,1.11268,0.391726
-0.723956,0,0.246045,0,1,1,2.37655,0.391726
-0.653786,1,0.246045,3,7,0,0.721723,0.222134
-0.749024,0.993621,0.246045,2,5,0,0.812447,0.430794
-1.01155,0.995398,0.246045,2,5,0,1.16578,0.752325
-0.802134,0.666667,0.246045,1,3,1,1.55517,0.505113
-2.01553,0.880965,0.246045,3,9,1,2.16738,1.721
-2.70421,0.999715,0.246045,4,15,0,2.70531,2.33278
-2.43698,0.999993,0.246045,2,5,0,2.74859,2.09776
-2.42307,1,0.246045,1,1,0,2.43908,2.08546
-2.42395,0.999999,0.246045,1,1,0,2.43095,2.08623
-2.27943,0.999957,0.246045,1,3,0,2.53557,1.95792
-2.17293,0.999978,0.246045,1,3,0,2.33055,1.86275
-2.22853,0.999969,0.246045,2,3,0,2.23649,1.9125
-2.45538,0.999905,0.246045,3,7,0,2.45686,2.11402
-2.31902,0.999963,0.246045,1,3,0,2.55122,1.99316
-1.70794,0.999975,0.246045,3,9,0,2.44067,1.43916
-1.6822,1,0.246045,1,1,0,1.70791,1.41522
-1.67757,1,0.246045,2,3,0,1.68678,1.4109
-1.54551,0.999911,0.246045,1,3,0,1.78276,1.28685
-1.6682,0.9997,0.246045,1,3,0,1.75592,1.40217
-1.26671,0.874994,0.246045,3,8,1,1.69903,1.01667
-1.03381,0.999942,0.246045,2,5,0,1.32439,0.77644
-0.923082,0.833272,0.246045,2,6,1,1.14363,0.653331
-0.856247,0.999927,0.246045,3,7,0,0.964128,0.573958
-0.73869,0.950101,0.246045,2,5,0,0.87399,0.415109
-0.728351,0.5,0.246045,1,2,1,1.63962,0.0816723
-0.959137,0.680228,0.246045,2,4,1,1.20943,0.694355
-0.768738,0.749633,0.246045,2,4,1,1.44724,0.459442
-0.924013,0.926801,0.246045,3,7,0,0.932849,0.0286433
-0.6646,1,0.246045,1,1,0,0.836478,0.143765
-0.720382,0.479047,0.246045,1,2,1,1.279,0.385837
-0.785581,0.999166,0.246045,3,7,0,0.807456,0.482859
-1.21818,0.797475,0.246045,2,5,1,1.31559,0.968054
-1.19604,1,0.246045,1,1,0,1.21812,0.945653
-1.24751,0.99995,0.246045,3,7,0,1.25206,0.99751
-0.65982,0.999535,0.246045,2,7,0,1.58314,0.252919
-0.652392,0.999412,0.246045,2,5,0,0.679407,0.203228
-0.817496,0.984394,0.246045,2,7,0,0.996987,0.525203
-1.25986,0.337322,0.246045,2,3,0,3.54552,1.00985
-0.943,0.666667,0.246045,1,3,1,2.29057,0.676124
-0.87444,0.99986,0.246045,1,3,0,0.980523,0.596074
-1.04418,0.799066,0.246045,2,5,1,1.35388,0.787589
-0.782238,0.833333,0.246045,2,6,1,1.05857,0.478278
-1.08577,0.996883,0.246045,2,5,0,1.11697,0.831775
-1.20355,0.999404,0.246045,2,5,0,1.30777,0.953271
-0.876335,0.999707,0.246045,2,5,0,1.38971,0.598353
-0.706652,0.666667,0.246045,1,3,1,1.37343,0.362222
-0.6524,0.999562,0.246045,2,5,0,0.741888,0.196413
-0.82947,0.476041,0.246045,1,2,1,1.96948,0.540538
-0.828638,1,0.246045,1,1,0,0.832666,0.539481
-0.652741,0.5,0.246045,1,2,1,1.82083,0.211248
-0.866939,0.980768,0.246045,2,7,0,1.12051,0.587008
-0.87845,0.999905,0.246045,1,1,0,0.878778,0.600892
-0.727189,0.666667,0.246045,1,3,1,1.23928,0.396975
-0.696473,0.999981,0.246045,3,7,0,0.733613,0.343417
-0.652507,1,0.246045,1,3,0,0.891529,0.193215
-0.659172,0.998899,0.246045,3,7,0,0.677257,0.250394
-0.65236,0.999959,0.246045,2,5,0,0.661384,0.19959
-0.777238,0.993443,0.246045,2,3,0,0.832811,0.0603839
-0.934564,0.576138,0.246045,2,4,1,1.71195,0.666512
-1.78677,0.994734,0.246045,3,9,0,2.25322,1.51212
-2.08531,0.999754,0.246045,3,7,0,2.09862,1.78402
-1.88332,0.999866,0.246045,2,7,0,2.35128,1.60075
-2.12987,0.888649,0.246045,3,9,1,2.54866,1.82412
-2.15762,0.999992,0.246045,2,3,0,2.15763,1.84903
-0.774193,0.999767,0.246045,3,9,0,2.78829,0.467121
-1.18256,0.796134,0.246045,2,5,1,1.56438,0.931957
-1.2563,0.999718,0.246045,1,3,0,1.28426,1.00629
-1.08816,0.906269,0.246045,2,7,0,1.27261,0.834293
-1.01184,0.857122,0.246045,2,7,1,1.12583,0.752636
-0.923441,0.999323,0.246045,3,7,0,1.23398,0.653745
-0.913497,1,0.246045,2,3,0,0.924183,0.642239
-0.913497,0.486878,0.246045,1,2,1,8.52865,0.642239
-0.852472,0.999986,0.246045,3,7,0,0.926885,0.569312
-1.19782,0.832174,0.246045,2,6,1,1.23536,0.947462
-0.776475,0.5,0.246045,1,2,1,3.39623,0.470306
-0.677028,0.5,0.246045,1,2,1,1.83677,0.123792
-0.697816,0.477589,0.246045,1,2,1,1.17104,0.345974
-1.65601,0.731664,0.246045,2,4,1,2.48337,1.39078
-0.655003,0.999863,0.246045,4,15,0,1.92506,0.230514
-0.655003,0,0.246045,0,1,1,3.01399,0.230514
-0.656857,0.99985,0.246045,2,3,0,0.658581,0.240372
-0.88145,0.904983,0.246045,2,3,0,1.04192,0.0350683
-0.728507,0.569397,0.246045,3,7,0,2.10574,0.399094
-0.658315,0.999828,0.246045,2,5,0,0.751885,0.246889
-0.998557,0.985698,0.246045,2,7,0,1.11867,0.738115
-0.877646,0.999874,0.246045,3,7,0,1.06713,0.599928
-0.792003,0.999658,0.246045,2,5,0,0.961469,0.491574
-1.02767,0.83196,0.246045,2,6,1,1.12962,0.769815
-1.17526,0.726278,0.246045,2,7,0,1.18635,0.924509
-1.62835,0.665495,0.246045,1,3,1,3.48302,1.36489
-2.37527,0.888293,0.246045,3,9,1,2.611,2.04311
-1.96337,0.857143,0.246045,2,7,1,2.56325,1.6737
-1.94696,0.999967,0.246045,2,3,0,2.01913,1.65879
-1.95953,0.999987,0.246045,1,1,0,1.96169,1.67021
-1.98509,0.999974,0.246045,1,1,0,1.98515,1.69342
-1.97679,1,0.246045,1,1,0,1.98861,1.68589
-1.89207,0.99999,0.246045,1,3,0,2.00519,1.60874
-2.06205,0.999751,0.246045,2,5,0,2.23943,1.76305
-1.19787,0.87499,0.246045,3,8,1,2.17243,0.947515
-0.951861,1,0.246045,2,5,0,1.27499,0.68616
-1.04488,0.999199,0.246045,1,3,0,1.11441,0.788336
-0.828148,0.999881,0.246045,2,5,0,1.11571,0.538858
-0.937708,0.998532,0.246045,2,5,0,1.06964,0.670101
-0.730122,0.749485,0.246045,2,4,1,1.59051,0.401676
-0.728135,0.999774,0.246045,2,3,0,0.751607,0.398497
-0.970004,0.747922,0.246045,2,4,1,1.11018,0.706524
-0.884939,0.999784,0.246045,1,3,0,1.033,0.608649
-0.808227,0.943072,0.246045,2,7,0,0.946012,0.51314
-0.800165,1,0.246045,1,1,0,0.808679,0.502501
-0.652421,0.999217,0.246045,2,7,0,0.937378,0.204452
-1.08335,0.730311,0.246045,2,4,1,1.32,0.829232
-1.95309,0.99808,0.246045,4,15,0,1.98987,1.66436
-2.05427,0.999869,0.246045,1,3,0,2.10088,1.75602
-2.34455,0.999786,0.246045,2,5,0,2.40932,2.01585
-3.16541,0.999414,0.246045,2,7,0,3.43614,2.73344
-3.35081,0.999953,0.246045,3,7,0,3.40116,2.89312
-3.25199,0.999995,0.246045,1,3,0,3.38683,2.80809
-3.45045,0.999902,0.246045,2,5,0,3.6714,2.97866
-0.834949,0.874988,0.246045,3,8,1,4.08305,0.54747
-0.663068,0.5,0.246045,1,2,1,1.56741,0.264382
-0.677019,0.999241,0.246045,1,3,0,0.685564,0.302443
-0.674355,1,0.246045,1,1,0,0.677058,0.296014
-0.680357,0.5,0.246045,1,2,1,0.944505,0.119651
-0.680357,0,0.246045,0,1,1,1.26131,0.119651
-0.680357,0,0.246045,0,1,1,1.97204,0.119651
-0.680811,0.48274,0.246045,1,2,1,1.03311,0.311157
-0.780543,0.747039,0.246045,2,4,1,1.01554,0.475943
-0.65254,0.5,0.246045,1,2,1,1.50852,0.192504
-0.65254,0,0.246045,0,1,1,3.14419,0.192504
-0.655178,0.999701,0.246045,3,7,0,0.660836,0.231553
-0.655178,0,0.246045,0,1,1,1.23332,0.231553
-0.654671,0.999963,0.246045,2,5,0,0.657005,0.174022
-0.65291,0.999912,0.246045,2,5,0,0.656798,0.213565
-0.652434,0.941759,0.246045,2,3,0,0.900206,0.195147
-0.665043,0.998434,0.246045,1,3,0,0.682785,0.142869
-0.655051,0.999568,0.246045,2,5,0,0.674497,0.230802
-0.785676,0.490001,0.246045,1,2,1,1.37952,0.482988
-0.785676,0.663576,0.246045,1,3,1,2.28652,0.482988
-0.682741,0.984831,0.246045,2,7,0,0.783633,0.315428
-0.895282,0.491963,0.246045,1,2,1,1.77233,0.620912
-0.893454,1,0.246045,2,3,0,0.898582,0.618753
-1.78933,0.796123,0.246045,2,5,1,2.33446,1.51448
-1.82961,0.99992,0.246045,2,3,0,1.87339,1.55154
-1.34479,0.999973,0.246045,2,5,0,1.89286,1.09376
-1.95752,0.832458,0.246045,2,6,1,2.55951,1.66839
-1.60159,0.99999,0.246045,3,7,0,1.99861,1.33977
-1.33206,0.999486,0.246045,2,7,0,2.18747,1.08127
-0.996776,0.666667,0.246045,1,3,1,2.43792,0.736159
-0.718711,0.333333,0.246045,2,3,0,2.16541,0.383052
-0.705181,0.999861,0.246045,2,3,0,0.731779,0.359583
-0.652892,0.999782,0.246045,2,5,0,0.729344,0.213343
-0.652535,0.99997,0.246045,3,7,0,0.654258,0.20759
-0.682229,0.994844,0.246045,2,7,0,0.781488,0.314304
-2.89025,0.83655,0.246045,3,8,1,3.35749,2.49506
-2.89814,0.999996,0.246045,1,1,0,2.9024,2.50192
-1.52734,0.999975,0.246045,4,15,0,3.12033,1.26961
-3.42079,0.79494,0.246045,2,5,1,10.0951,2.95321
-1.71187,0.909091,0.246045,3,11,1,3.42699,1.44281
-1.5181,0.999795,0.246045,2,7,0,1.9759,1.26084
-2.43026,0.888228,0.246045,3,9,1,2.44412,2.09181
-1.66804,0.999923,0.246045,2,7,0,2.67658,1.40201
-0.812097,0.875,0.246045,3,8,1,1.66103,0.518197
-0.928653,0.720194,0.246045,2,7,0,0.93895,0.659741
-0.936049,0.999951,0.246045,1,1,0,0.937575,0.668209
-0.717709,0.749407,0.246045,2,4,1,1.6887,0.381371
-0.870437,0.770856,0.246045,2,7,0,0.9203,0.591244
-0.713889,0.968029,0.246045,2,5,0,0.922073,0.374883
-0.677912,0.999588,0.246045,1,3,0,0.747224,0.304537
-0.888625,0.855451,0.246045,2,5,0,0.913436,0.613032
-0.660109,0.5,0.246045,1,2,1,2.09259,0.254016
-0.68612,0.999457,0.246045,3,7,0,0.68701,0.322672
-0.653823,0.999789,0.246045,2,7,0,0.694363,0.222431
-0.730641,0.997181,0.246045,3,7,0,0.731565,0.402502
-0.857812,0.665502,0.246045,1,3,1,1.11381,0.575877
-1.04687,0.941318,0.246045,2,5,0,1.09188,0.790472
-0.862144,0.999035,0.246045,2,7,0,1.42234,0.581174
-4.02894,0.979923,0.246045,3,15,0,4.57429,3.4721
-1.52023,0.999775,0.246045,3,13,0,6.14441,1.26286
-1.442,0.999674,0.246045,3,7,0,1.81094,1.18807
-1.52767,0.999791,0.246045,1,3,0,1.563,1.26993
-2.02697,0.856736,0.246045,2,7,1,2.37378,1.73136
-2.11988,0.999895,0.246045,1,3,0,2.15588,1.81514
-2.10172,1,0.246045,2,3,0,2.12085,1.7988
-1.65481,0.999981,0.246045,2,7,0,2.3531,1.38966
-1.73884,0.999857,0.246045,1,3,0,1.76906,1.46783
-1.70809,0.999995,0.246045,2,3,0,1.75274,1.4393
-1.65454,1,0.246045,2,3,0,1.7148,1.3894
-1.32427,0.999879,0.246045,4,15,0,1.93956,1.07362
-0.918121,0.833265,0.246045,2,6,1,1.61996,0.6476
-0.754352,0.998572,0.246045,2,7,0,1.29684,0.438688
-0.718138,0.999856,0.246045,1,3,0,0.771464,0.382092
-1.09607,1,0.246045,1,1,0,1.11209,0.0133318
-0.70061,0.381465,0.246045,2,3,0,1.83758,0.351219
-1.04271,0.794191,0.246045,2,5,1,1.37732,0.786007
-0.794207,0.833333,0.246045,2,6,1,1.05256,0.494541
-0.885809,0.998608,0.246045,2,5,0,0.983954,0.609685
-0.900591,0.999887,0.246045,1,1,0,0.900649,0.627163
-0.98927,0.999081,0.246045,1,3,0,1.05738,0.727897
-1.08558,0.999264,0.246045,1,3,0,1.15707,0.831578
-0.885603,0.999018,0.246045,2,7,0,1.51297,0.60944
-0.994777,0.999661,0.246045,2,7,0,1.10951,0.733962
-0.785966,0.666667,0.246045,1,3,1,1.55529,0.483384
-1.29836,0.488764,0.246045,1,2,1,4.44363,1.04808
-1.20521,0.99992,0.246045,1,3,0,1.35007,0.954947
-1.46869,0.999458,0.246045,3,7,0,1.4798,1.21368
-1.30504,0.833294,0.246045,2,6,1,1.66306,1.05468
-1.01754,1,0.246045,2,7,0,1.41424,0.75884
-0.69319,0.999309,0.246045,2,7,0,1.31989,0.337042
-0.655943,0.999485,0.246045,2,7,0,0.734671,0.168021
-0.675818,0.996827,0.246045,2,5,0,0.704206,0.299579
-0.654039,0.999327,0.246045,3,7,0,0.716212,0.177704
-0.708164,0.997066,0.246045,2,3,0,0.709925,0.0943212
-0.708164,0.0375542,0.246045,1,1,0,0.85723,0.0943212
-0.708164,0,0.246045,0,1,1,2.03665,0.0943212
-0.885983,0.721806,0.246045,3,7,0,1.61392,0.609891
-1.26835,0.996878,0.246045,2,7,0,1.53882,1.01831
-1.37102,0.999615,0.246045,1,3,0,1.43497,1.11937
-1.38815,0.999961,0.246045,1,1,0,1.38872,1.13602
-1.28791,0.999921,0.246045,1,3,0,1.44718,1.03774
-1.29022,0.999976,0.246045,2,3,0,1.31292,1.04002
-1.37501,0.999724,0.246045,1,3,0,1.41279,1.12325
-2.73556,0.886368,0.246045,3,9,1,3.93242,2.3602
-1.8254,0.857143,0.246045,2,7,1,3.12919,1.54767
-0.652605,0.874808,0.246045,3,8,1,2.38862,0.19126
-1.05281,0.970556,0.246045,2,7,0,1.27316,0.796821
-1.41467,0.998133,0.246045,2,5,0,1.61061,1.16172
-2.01094,0.856716,0.246045,2,7,1,2.13815,1.71685
-1.68592,0.857143,0.246045,2,7,1,2.11349,1.41868
-1.3563,1,0.246045,3,7,0,1.68998,1.10501
-1.13446,0.799899,0.246045,2,5,1,1.77875,0.88259
-1.12178,1,0.246045,1,1,0,1.13535,0.869445
-0.77366,0.666667,0.246045,1,3,1,2.66546,0.466374
-0.743148,0.999407,0.246045,2,7,0,0.835428,0.074129
-0.921071,0.776407,0.246045,1,1,0,1.09213,0.0290399
-0.653558,0.965901,0.246045,2,3,0,0.91178,0.18105
-0.653558,0,0.246045,0,1,1,2.51222,0.18105
-0.934317,0.973777,0.246045,1,1,0,0.944171,0.0273031
-0.692347,0.877204,0.246045,2,3,0,0.810865,0.107124
-0.653065,1,0.246045,2,7,0,0.69332,0.215402
-0.652399,0.9999,0.246045,2,5,0,0.656037,0.196475
-0.652362,0.998917,0.246045,3,7,0,0.676956,0.20081
-0.753987,0.488589,0.246045,1,2,1,1.28106,0.438151
-1.11618,0.995448,0.246045,2,5,0,1.181,0.863621
-1.65599,0.832112,0.246045,2,6,1,2.1507,1.39076
-0.898967,0.79985,0.246045,2,5,1,2.84806,0.625254
-0.755647,0.895786,0.246045,2,7,0,0.897212,0.440589
-0.750893,0.999982,0.246045,3,7,0,0.764383,0.433577
-0.734464,0.999989,0.246045,2,3,0,0.754459,0.408537
-0.66266,0.666667,0.246045,1,3,1,0.912369,0.263031
-0.66266,0,0.246045,0,1,1,1.62082,0.263031
-0.654065,0.999954,0.246045,3,7,0,0.666583,0.22428
-0.654065,0,0.246045,0,1,1,1.58101,0.22428
-0.916577,0.472605,0.246045,1,2,1,2.6475,0.645812
-1.02054,0.999117,0.246045,2,5,0,1.1171,0.76209
-0.706531,0.5,0.246045,1,2,1,2.53944,0.362006
-0.706531,0,0.246045,0,1,1,2.40784,0.362006
-0.65333,0.37204,0.246045,2,3,0,0.987517,0.182889
-3.91221,0.852577,0.246045,3,15,0,4.69638,3.37292
-6.00843,0.999564,0.246045,3,11,0,6.49561,5.13392
-3.38292,0.916658,0.246045,3,12,1,6.99789,2.9207
-3.38234,1,0.246045,1,1,0,3.39052,2.9202
-5.42949,0.922814,0.246045,3,13,1,5.45979,4.65101
-7.62242,0.999739,0.246045,3,9,0,8.1588,6.47142
-6.26852,0.999989,0.246045,4,15,0,8.08925,5.35024
-6.42491,0.999977,0.246045,1,3,0,6.53639,5.48015
-4.79618,0.916648,0.246045,3,12,1,7.89084,4.12012
-0.695038,0.875,0.246045,3,8,1,6.04516,0.340651
-0.677613,0.5,0.246045,1,2,1,1.10471,0.123038
-1.55495,0.800503,0.246045,3,8,1,1.59019,1.29578
-2.25342,0.998841,0.246045,2,7,0,2.4508,1.93473
-0.780398,0.888889,0.246045,3,9,1,2.24999,0.475742
-0.654562,0.5,0.246045,1,2,1,1.60131,0.174615
-0.927118,0.961747,0.246045,1,1,0,0.937203,0.0282316
-1.27379,0.857073,0.246045,3,15,0,1.37238,1.02372
-1.2737,1,0.246045,2,3,0,1.27964,1.02364
-0.949648,0.999772,0.246045,2,5,0,1.43705,0.683659
-0.722807,0.428571,0.246045,3,7,0,1.06961,0.389844
-0.804401,0.799111,0.246045,2,5,0,0.913145,0.508109
-0.841101,0.999511,0.246045,2,3,0,0.858947,0.555193
-1.3067,0.79684,0.246045,2,5,1,1.75767,1.05632
-1.13503,0.999654,0.246045,2,7,0,1.54616,0.883174
-0.902537,0.999998,0.246045,3,7,0,1.14063,0.629446
-1.1507,0.748141,0.246045,2,4,1,1.80742,0.899346
-0.795215,0.666667,0.246045,1,3,1,2.69717,0.495893
-0.759431,1,0.246045,2,3,0,0.795713,0.446104
-0.805184,0.918853,0.246045,2,7,0,0.827294,0.509142
-0.972518,0.998518,0.246045,3,7,0,1.01853,0.709327
-0.785208,0.666667,0.246045,1,3,1,1.42469,0.48235
-0.676111,0.999919,0.246045,3,7,0,0.808367,0.300282
-0.772769,0.996484,0.246045,3,7,0,0.839682,0.465126
-0.765747,1,0.246045,1,1,0,0.773147,0.455189
-0.680805,0.998653,0.246045,2,7,0,0.936971,0.311145
-0.827963,0.66354,0.246045,1,3,1,1.29794,0.538622
-0.88827,0.999241,0.246045,1,3,0,0.920046,0.612611
-0.853554,1,0.246045,3,7,0,0.891521,0.570645
-1.17583,0.997946,0.246045,3,7,0,1.17584,0.925095
-1.12417,1,0.246045,2,3,0,1.17952,0.871927
-0.960574,0.833333,0.246045,2,6,1,1.14373,0.695969
-1.12868,0.833061,0.246045,2,6,1,1.15137,0.876606
-1.0569,0.999944,0.246045,1,3,0,1.15848,0.801189
-1.06835,0.999993,0.246045,3,7,0,1.06937,0.813364
-1.77921,0.997623,0.246045,3,9,0,2.04257,1.50515
-1.6856,0.999973,0.246045,1,3,0,1.81975,1.41838
-0.703027,0.875,0.246045,3,8,1,1.55228,0.0981305
-0.712862,0.452117,0.246045,1,2,1,1.44723,0.373116
-0.710071,1,0.246045,1,1,0,0.713606,0.368267
-1.49328,0.924594,0.246045,3,15,1,1.52824,1.23719
-1.43192,0.999974,0.246045,2,3,0,1.52416,1.17836
-1.77382,0.799437,0.246045,2,5,1,2.71867,1.50017
-2.14969,0.874417,0.246045,3,8,1,3.22087,1.84192
-2.23716,0.999942,0.246045,2,3,0,2.23896,1.92022
-2.37366,0.999849,0.246045,1,3,0,2.47104,2.04168
-0.765484,0.875,0.246045,3,8,1,2.49159,0.454814
-0.907616,0.966781,0.246045,2,7,0,0.907648,0.635389
-0.740395,0.714286,0.246045,2,7,0,0.907508,0.417733
-0.786961,0.999006,0.246045,1,3,0,0.813721,0.48474
-0.834476,0.999309,0.246045,1,3,0,0.854966,0.546873
-1.03571,0.665599,0.246045,1,3,1,1.50932,0.778485
-0.812938,0.833284,0.246045,2,6,1,1.11567,0.519292
-0.667048,0.99955,0.246045,2,5,0,0.891015,0.276608
-0.740321,0.6651,0.246045,1,3,0,0.910431,0.41762
-2.14201,0.539942,0.246045,4,15,0,2.41288,1.83502
-2.8045,0.999372,0.246045,3,9,0,3.42105,2.42038
-1.8921,0.999996,0.246045,3,9,0,2.90463,1.60877
-2.19509,0.999319,0.246045,2,7,0,2.85475,1.8826
-2.59057,0.999645,0.246045,2,5,0,2.75167,2.23314
-2.30319,0.999999,0.246045,4,15,0,2.60965,1.97908
-2.3033,1,0.246045,1,1,0,2.31059,1.97917
-1.20316,0.874986,0.246045,3,8,1,2.55463,0.952874
-1.83826,0.997038,0.246045,2,7,0,2.52784,1.55948
-1.70998,0.999935,0.246045,1,3,0,1.93108,1.44106
-1.81949,0.999799,0.246045,1,3,0,1.88131,1.54224
-2.19721,0.999498,0.246045,2,5,0,2.35025,1.8845
-1.54883,0.999808,0.246045,4,15,0,2.79866,1.28999
-0.774913,0.999663,0.246045,3,9,0,1.98238,0.468127
-0.7611,0.5,0.246045,1,2,1,2.02598,0.066366
-0.893903,0.834393,0.246045,1,1,0,1.03292,0.0330252
-0.671495,1,0.246045,1,1,0,0.810343,0.131604
-0.798049,0.988062,0.246045,3,7,0,0.798067,0.0537475
-0.798049,0,0.246045,0,1,1,1.38696,0.0537475
-0.681865,1,0.246045,2,3,0,0.758384,0.117889
-1.09202,0.920855,0.246045,2,7,0,1.44771,0.838348
-0.831736,0.999794,0.246045,2,7,0,1.20642,0.54341
-0.710631,0.666667,0.246045,1,3,1,1.08822,0.369246
-0.655107,0.998066,0.246045,2,7,0,0.871768,0.231136
-1.89745,0.835059,0.246045,3,8,1,2.15854,1.61366
-1.20457,0.999963,0.246045,4,15,0,2.05578,0.954299
-0.884381,0.666667,0.246045,1,3,1,2.32187,0.607983
-1.03756,0.799235,0.246045,2,5,1,1.28199,0.780481
-1.0467,0.999957,0.246045,1,1,0,1.04823,0.790291
-1.03053,1,0.246045,1,1,0,1.04683,0.772903
-1.65817,0.873565,0.246045,3,8,1,1.6934,1.3928
-1.65218,1,0.246045,3,7,0,1.66217,1.38721
-2.33375,0.998502,0.246045,2,7,0,3.04653,2.00625
-3.91102,0.916182,0.246045,3,12,1,3.95562,3.37191
-3.91258,0.999989,0.246045,2,3,0,3.98431,3.37324
-2.93708,0.999961,0.246045,3,11,0,4.3307,2.53577
-2.98317,0.999985,0.246045,2,3,0,2.99536,2.57577
-2.87932,0.999998,0.246045,3,7,0,3.01047,2.48556
-2.40057,0.999995,0.246045,2,5,0,2.91769,2.06553
-0.787058,0.888882,0.246045,3,9,1,2.51689,0.484873
-0.935002,0.996694,0.246045,2,7,0,1.21606,0.667012
-0.707304,0.75,0.246045,2,4,1,1.07133,0.0949391
-0.707304,0,0.246045,0,1,1,1.75806,0.0949391
-0.682259,0.467646,0.246045,1,2,1,1.15072,0.314372
-0.696542,0.5,0.246045,1,2,1,1.05934,0.103397
-0.685358,1,0.246045,1,1,0,0.696752,0.114033
-0.666571,0.487588,0.246045,1,2,1,0.918767,0.27522
-0.653072,0.999696,0.246045,2,5,0,0.676741,0.185276
-0.698052,0.996943,0.246045,3,7,0,0.774148,0.10212
-0.658931,0.998545,0.246045,2,7,0,0.71595,0.249426
-0.918639,0.983642,0.246045,2,7,0,1.20287,0.6482
-0.907221,1,0.246045,1,1,0,0.919061,0.634928
-0.989505,0.999196,0.246045,1,3,0,1.04538,0.728156
-0.976107,1,0.246045,1,1,0,0.989852,0.713321
-0.91161,0.999208,0.246045,3,7,0,1.20434,0.640044
-1.46403,0.747736,0.246045,2,4,1,2.06907,1.20921
-2.10679,0.998577,0.246045,3,9,0,2.75629,1.80337
-2.10581,0.999992,0.246045,2,3,0,2.1351,1.80248
-2.51453,0.999647,0.246045,2,7,0,2.69397,2.16622
-2.98778,0.999674,0.246045,4,15,0,3.553,2.57976
-2.96217,1,0.246045,2,3,0,2.988,2.55754
-2.71196,0.9999,0.246045,2,7,0,3.35448,2.33956
-2.96034,0.899901,0.246045,3,10,1,3.34632,2.55596
-2.45686,0.909062,0.246045,3,11,1,3.25903,2.11533
-2.33208,0.999971,0.246045,1,3,0,2.53293,2.00477
-2.44617,0.999894,0.246045,1,3,0,2.50621,2.10588
-1.49068,0.8,0.246045,2,5,1,4.02368,1.23471
-1.23707,0.999583,0.246045,4,15,0,2.05161,0.987049
-1.23672,1,0.246045,2,3,0,1.24268,0.986698
-1.64833,0.998974,0.246045,2,5,0,1.68509,1.3836
-2.00762,0.998911,0.246045,3,11,0,3.00377,1.71385
-1.06048,0.999763,0.246045,3,9,0,2.55994,0.804997
-0.86053,0.998919,0.246045,2,7,0,1.50439,0.579204
-0.854882,1,0.246045,1,1,0,0.86206,0.57228
-0.656053,0.998512,0.246045,2,7,0,1.1327,0.167563
-0.680445,0.996163,0.246045,2,5,0,0.713855,0.310336
-0.656041,0.999352,0.246045,2,5,0,0.722212,0.236315
-0.655643,0.998387,0.246045,1,3,0,0.696571,0.169311
-0.766522,0.477897,0.246045,1,2,1,1.55321,0.456294
-0.690108,0.993578,0.246045,2,5,0,0.775292,0.330896
-0.694441,0.999887,0.246045,1,1,0,0.694562,0.339492
-0.694525,0.5,0.246045,1,2,1,1.15962,0.105154
-0.848983,0.924365,0.246045,2,7,0,1.27338,0.565001
-0.724289,0.666667,0.246045,1,3,1,1.09983,0.392271
-0.731049,0.5,0.246045,1,2,1,1.50597,0.0802048
-1.03607,0.876413,0.246045,2,7,0,1.37565,0.778877
-0.795907,0.833333,0.246045,2,6,1,1.04393,0.496821
-0.692616,0.666667,0.246045,1,3,1,1.01289,0.33591
-0.692616,0,0.246045,0,1,1,2.01202,0.33591
-0.776456,0.997636,0.246045,2,7,0,0.829823,0.0606554
-0.776456,0,0.246045,0,1,1,1.53493,0.0606554
-0.820827,0.956243,0.246045,1,1,0,0.889803,0.0475758
-0.672288,0.409935,0.246045,1,2,1,1.26118,0.29082
-0.728075,0.998722,0.246045,2,5,0,0.821152,0.398401
-1.05236,0.79731,0.246045,2,5,1,1.10573,0.796346
-0.679828,0.998905,0.246045,2,7,0,1.47958,0.308941
-0.839831,0.663023,0.246045,1,3,1,1.38879,0.553603
-0.653192,0.998701,0.246045,2,7,0,1.06632,0.18412
-0.680654,0.997625,0.246045,1,3,0,0.825954,0.310805
-0.725567,0.998633,0.246045,3,7,0,0.765476,0.39435
-0.725567,0,0.246045,0,1,1,2.39551,0.39435
-0.793122,0.977737,0.246045,3,7,0,0.816181,0.0552232
-0.793122,0,0.246045,0,1,1,1.52131,0.0552232
-0.734663,1,0.246045,1,1,0,0.784766,0.078307
-0.886352,0.924173,0.246045,2,7,0,1.06905,0.61033
-0.662931,0.75,0.246045,2,4,1,0.975194,0.147333
-1.16184,0.704304,0.246045,2,4,1,1.56458,0.910785
-1.16181,1,0.246045,1,1,0,1.16736,0.910748
-1.28446,0.999369,0.246045,3,7,0,1.44729,1.03431
-0.90557,0.833267,0.246045,2,6,1,1.53904,0.632999
-3.80862,0.857459,0.246045,3,8,1,5.50299,3.28475
-2.77599,0.999991,0.246045,3,11,0,3.94654,2.39551
-2.43996,0.999983,0.246045,2,5,0,2.87139,2.1004
-2.02599,0.999944,0.246045,2,7,0,2.62822,1.73047
-2.37961,0.999773,0.246045,3,7,0,2.3867,2.04696
-0.700336,0.874828,0.246045,3,8,1,3.46468,0.350709
-0.675839,0.999718,0.246045,2,7,0,0.715482,0.29963
-0.783233,0.746301,0.246045,2,4,1,1.06877,0.479644
-0.7741,1,0.246045,1,1,0,0.783313,0.466991
-0.892881,0.997425,0.246045,2,7,0,1.07834,0.618077
-0.676377,0.999507,0.246045,2,7,0,0.995575,0.124646
-0.67208,0.994645,0.246045,3,7,0,0.730669,0.290287
-0.6757,0.999878,0.246045,1,1,0,0.675704,0.299294
-0.867959,0.992911,0.246045,2,5,0,0.995147,0.588245
-0.686403,0.764453,0.246045,1,3,0,1.50499,0.323268
-0.758359,0.5,0.246045,1,2,1,1.18217,0.0674685
-0.685975,0.431945,0.246045,1,2,1,1.32465,0.322366
-0.745687,0.998436,0.246045,3,7,0,0.785839,0.425786
-0.67315,0.810655,0.246045,1,3,0,0.889749,0.293012
-0.656527,1,0.246045,1,3,0,0.81459,0.16567
-0.661283,0.998755,0.246045,2,5,0,0.676678,0.258299
-1.11939,0.981461,0.246045,2,7,0,1.33331,0.86696
-1.38305,0.997912,0.246045,2,7,0,2.00256,1.13108
-1.55271,0.856987,0.246045,2,7,1,1.75722,1.29366
-1.98174,0.999146,0.246045,2,5,0,2.21524,1.69038
-4.79275,0.997818,0.246045,3,11,0,5.05017,4.11724
-5.03528,0.923054,0.246045,3,13,1,5.36769,4.32091
-3.97619,0.916659,0.246045,3,12,1,5.53082,3.42731
-3.64759,0.999993,0.246045,2,5,0,4.0541,3.14738
-2.86639,0.899996,0.246045,3,10,1,3.86665,2.47431
-4.41576,0.999119,0.246045,3,15,0,5.80451,3.79959
-4.17033,0.99996,0.246045,2,7,0,4.76376,3.59201
-2.74074,0.90908,0.246045,3,11,1,4.58893,2.36472
-2.80737,0.999976,0.246045,2,3,0,2.81371,2.42288
-2.6993,1,0.246045,2,3,0,2.80772,2.32849
-1.12336,0.999835,0.246045,3,11,0,3.42131,0.871082
-1.2847,0.833032,0.246045,2,6,1,1.49523,1.03456
-2.12539,0.873898,0.246045,3,8,1,2.22104,1.82009
-2.12863,0.999997,0.246045,1,1,0,2.13431,1.823
-2.13584,0.999711,0.246045,4,15,0,2.88669,1.82948
-2.16428,0.999979,0.246045,2,3,0,2.18076,1.855
-1.55514,0.857112,0.246045,2,7,1,2.72183,1.29596
-1.56502,0.999983,0.246045,1,1,0,1.56753,1.3053
-1.04865,0.999558,0.246045,2,7,0,2.02745,0.79238
-1.19865,0.999656,0.246045,3,7,0,1.2016,0.948307
-1.00139,0.857143,0.246045,2,7,1,1.1977,0.741219
-1.19029,0.85676,0.246045,2,7,1,1.22166,0.939816
-0.827924,0.999517,0.246045,2,7,0,1.44842,0.538573
-0.827848,1,0.246045,1,1,0,0.831479,0.538476
-0.780265,0.999891,0.246045,1,3,0,0.848619,0.475559
-0.680811,0.666667,0.246045,1,3,1,1.00897,0.311159
-0.678164,0.999768,0.246045,2,5,0,0.700799,0.122338
-0.65381,1,0.246045,2,3,0,0.675575,0.179219
-0.65381,0,0.246045,0,1,1,2.22188,0.179219
-0.803792,0.474304,0.246045,1,2,1,1.83901,0.507305
-0.755615,0.999835,0.246045,1,3,0,0.828981,0.440542
-0.654893,1,0.246045,3,7,0,0.751567,0.229838
-0.700626,0.937171,0.246045,1,3,0,0.827955,0.351248
-0.662152,0.999127,0.246045,2,5,0,0.70415,0.261318
-0.888331,0.48505,0.246045,1,2,1,2.07053,0.612684
-0.721557,0.666667,0.246045,1,3,1,1.335,0.387784
-0.658539,0.999868,0.246045,2,7,0,0.739862,0.247823
-0.662506,0.999738,0.246045,2,3,0,0.66572,0.262516
-0.935324,0.99051,0.246045,2,5,0,1.00244,0.66738
-1.18034,0.812966,0.246045,2,5,0,1.26036,0.929694
-1.29337,0.999125,0.246045,3,7,0,1.54604,1.04314
-1.1205,0.874807,0.246045,3,8,1,1.53913,0.868108
-0.700509,0.5,0.246045,1,2,1,3.71287,0.351032
-0.847026,0.892537,0.246045,2,7,0,0.850062,0.562575
-1.15514,0.999591,0.246045,3,7,0,1.3791,0.903904
-0.865349,0.666667,0.246045,1,3,1,2.09221,0.585076
-0.725203,0.714246,0.246045,2,7,0,0.900061,0.393759
-0.892108,0.664748,0.246045,1,3,1,1.33792,0.617162
-0.658317,0.5,0.246045,1,2,1,2.83622,0.159456
-0.657305,1,0.246045,3,7,0,0.658379,0.162812
-0.661619,0.99676,0.246045,1,3,0,0.748615,0.259481
-0.661619,0,0.246045,0,1,1,2.11957,0.259481
-0.898651,0.949583,0.246045,2,5,0,1.1292,0.624883
-1.15877,0.6655,0.246045,1,3,1,1.88517,0.90763
-1.05284,0.857143,0.246045,2,7,1,1.15944,0.796854
-1.40671,0.665587,0.246045,1,3,1,2.59851,1.15402
-1.2053,0.857143,0.246045,2,7,1,1.43485,0.955037
-1.27996,0.999728,0.246045,1,3,0,1.30831,1.02985
-1.01846,0.999064,0.246045,2,7,0,1.93082,0.759836
-0.693246,0.5,0.246045,1,2,1,2.72111,0.337153
-1.83552,0.458102,0.246045,4,15,0,1.83557,1.55697
-2.08885,0.99977,0.246045,2,5,0,2.13232,1.78721
-2.06296,1,0.246045,1,1,0,2.0889,1.76387
-2.6304,0.799471,0.246045,2,5,1,5.08148,2.26811
-3.99687,0.888627,0.246045,3,9,1,4.3655,3.44488
-5.43409,0.999762,0.246045,3,11,0,5.82791,4.65485
-2.40462,0.999987,0.246045,3,11,0,5.7652,2.06912
-2.41673,0.999832,0.246045,3,7,0,2.78157,2.07984
-1.7266,0.999739,0.246045,2,7,0,3.13898,1.45649
-2.33812,0.9991,0.246045,3,9,0,2.88107,2.01014
-4.3247,0.998764,0.246045,3,9,0,4.78052,3.72264
-3.17039,0.999941,0.246045,3,9,0,4.97455,2.73774
-3.06631,0.999992,0.246045,1,3,0,3.21293,2.6478
-2.3499,0.999979,0.246045,3,9,0,3.24396,2.0206
-1.5618,0.888885,0.246045,3,9,1,2.41038,1.30226
-1.5866,0.999958,0.246045,1,1,0,1.58662,1.32566
-2.06523,0.856791,0.246045,2,7,1,2.37174,1.76591
-2.14701,0.999914,0.246045,2,3,0,2.17756,1.83951
-2.54286,0.99989,0.246045,4,15,0,2.54619,2.19118
-2.74469,0.999922,0.246045,3,7,0,2.78644,2.36818
-4.82826,0.998798,0.246045,3,11,0,6.03208,4.14709
-3.88458,0.999972,0.246045,2,7,0,5.18782,3.34942
-2.22075,0.833269,0.246045,2,6,1,8.66967,1.90556
-3.67409,0.999208,0.246045,3,11,0,4.13879,3.17002
-4.09256,0.999885,0.246045,2,7,0,4.25563,3.52609
-2.1861,0.999993,0.246045,3,11,0,4.22573,1.87455
-2.64833,0.99956,0.246045,2,5,0,2.89571,2.28384
-3.75159,0.899757,0.246045,3,10,1,3.93163,3.23615
-2.22007,0.9,0.246045,3,10,1,3.78815,1.90494
-3.45971,0.856757,0.246045,2,7,1,4.30044,2.9866
-3.42477,0.99999,0.246045,2,3,0,3.51462,2.95663
-3.43689,0.999996,0.246045,1,1,0,3.4399,2.96703
-2.91524,0.999942,0.246045,2,7,0,3.75066,2.51679
-2.84501,0.999992,0.246045,2,3,0,2.95391,2.45569
-1.63475,0.90906,0.246045,3,11,1,3.13782,1.3709
-1.31658,0.999912,0.246045,2,5,0,1.74822,1.06606
-1.17378,0.83329,0.246045,2,6,1,1.46923,0.922994
-0.918151,0.666667,0.246045,1,3,1,1.85581,0.647635
-0.691389,0.5,0.246045,1,2,1,1.8315,0.333472
-0.763861,0.994611,0.246045,2,5,0,0.772553,0.452491
-0.665304,0.9989,0.246045,2,7,0,0.799513,0.27144
-0.675016,0.999548,0.246045,2,3,0,0.679737,0.297636
-0.697694,0.999031,0.246045,1,3,0,0.711491,0.345743
-0.655417,0.968968,0.246045,1,3,0,0.802257,0.23293
-0.668385,0.998817,0.246045,1,3,0,0.684829,0.280401
-0.668385,0,0.246045,0,1,1,3.24655,0.280401
-0.696308,0.999205,0.246045,2,7,0,0.701148,0.103597
-0.705729,0.460966,0.246045,1,2,1,1.34525,0.360569
-0.654143,0.998038,0.246045,2,7,0,0.861453,0.224853
-0.654143,0,0.246045,0,1,1,2.63275,0.224853
-0.764496,0.989289,0.246045,2,5,0,0.77607,0.453402
-0.766515,0.997651,0.246045,2,7,0,0.978048,0.0642654
-0.811322,0.324624,0.246045,1,2,1,2.8444,0.517188
-0.816022,0.999949,0.246045,1,1,0,0.817535,0.523296
-0.717133,0.999968,0.246045,2,5,0,0.828705,0.3804
-0.82062,0.999007,0.246045,1,3,0,1.00418,0.52923
-0.899987,0.998831,0.246045,1,3,0,0.964358,0.626453
-0.701656,0.666667,0.246045,1,3,1,1.57966,0.353155
-0.675839,0.999556,0.246045,2,7,0,0.71874,0.299629
-0.678073,0.997495,0.246045,3,7,0,0.741346,0.304912
-0.665996,0.999942,0.246045,1,3,0,0.682509,0.273523
-0.718745,0.990853,0.246045,1,3,0,0.817068,0.383109
-0.715305,1,0.246045,1,1,0,0.71938,0.377302
-0.663352,0.999011,0.246045,2,5,0,0.815838,0.265312
-0.789201,0.5,0.246045,1,2,1,0.984546,0.056438
-0.733981,0.985932,0.246045,2,7,0,0.825167,0.407778
-0.902242,0.664905,0.246045,1,3,1,1.33823,0.629101
-0.78453,1,0.246045,2,7,0,0.91404,0.481422
-0.761167,0.999358,0.246045,2,7,0,0.850772,0.0663393
-0.791532,0.969246,0.246045,2,3,0,0.836532,0.0557113
-0.751231,1,0.246045,1,1,0,0.801245,0.0704692
-0.682216,1,0.246045,1,1,0,0.731082,0.117486
-1.12317,0.687777,0.246045,2,4,1,1.51913,0.870885
-1.1223,0.999973,0.246045,2,3,0,1.14447,0.869984
-1.38258,0.799265,0.246045,2,5,1,1.98424,1.13062
-2.08675,0.856592,0.246045,2,7,1,2.30264,1.78532
-1.94802,0.999943,0.246045,1,3,0,2.19343,1.65975
-3.42121,0.874377,0.246045,3,8,1,3.92269,2.95357
-3.07992,0.999982,0.246045,3,7,0,3.56064,2.65957
-2.9309,0.999706,0.246045,4,15,0,4.36351,2.53039
-2.9914,0.999992,0.246045,3,7,0,2.99949,2.58291
-3.1376,0.99991,0.246045,1,3,0,3.24408,2.70942
-4.52744,0.999429,0.246045,3,15,0,5.57577,3.89383
-3.42711,0.916667,0.246045,3,12,1,4.55335,2.95863
-3.68273,0.999854,0.246045,2,7,0,4.07659,3.17739
-1.15468,0.888854,0.246045,3,9,1,4.7824,0.903432
-0.857807,0.666667,0.246045,1,3,1,2.14771,0.575871
-0.91418,0.99942,0.246045,1,3,0,0.938021,0.643031
-0.825664,0.99994,0.246045,2,7,0,0.995023,0.535692
-0.829046,0.999966,0.246045,1,1,0,0.831155,0.539999
-0.762547,0.999687,0.246045,1,3,0,0.882263,0.450604
-1.02608,0.995814,0.246045,2,5,0,1.17406,0.768098
-0.945943,0.857143,0.246045,2,7,1,1.02563,0.679464
-1.12825,0.998704,0.246045,3,7,0,1.24619,0.876154
-1.23357,0.999446,0.246045,1,3,0,1.30973,0.98354
-1.24993,0.999951,0.246045,1,1,0,1.25044,0.999925
-1.45509,0.998974,0.246045,2,7,0,1.78955,1.20064
-2.15122,0.799385,0.246045,2,5,1,2.93446,1.84328
-2.54562,0.99968,0.246045,2,7,0,2.70671,2.1936
-2.81215,0.999878,0.246045,2,5,0,2.85536,2.42706
-3.63602,0.899882,0.246045,3,10,1,3.68723,3.1375
-1.91683,0.9,0.246045,3,10,1,3.71963,1.63134
-1.92649,0.999989,0.246045,1,1,0,1.9295,1.64015
-1.90044,1,0.246045,1,1,0,1.9265,1.61639
-1.04061,1,0.246045,2,7,0,2.33849,0.783754
-0.67084,0.999754,0.246045,2,7,0,1.14814,0.287057
-0.769669,0.998826,0.246045,2,5,0,0.803697,0.46076
-0.659646,1,0.246045,1,3,0,1.15398,0.252251
-0.7403,0.664182,0.246045,1,3,1,0.982528,0.417588
-0.653043,0.999587,0.246045,2,7,0,0.794109,0.215156
-1.06062,0.733489,0.246045,2,4,1,1.2631,0.805155
-0.953246,0.99978,0.246045,2,5,0,1.15798,0.687723
-1.18937,0.998862,0.246045,2,5,0,1.25906,0.938881
-0.904066,0.666667,0.246045,1,3,1,2.05618,0.631238
-1.10012,0.998872,0.246045,3,7,0,1.15086,0.846851
-1.49047,0.998688,0.246045,2,5,0,1.52557,1.23451
-1.77167,0.998934,0.246045,2,7,0,2.38244,1.49819
-2.12008,0.833055,0.246045,2,6,1,3.03106,1.81531
-0.657899,0.999966,0.246045,3,9,0,2.21154,0.245106
-0.657899,0,0.246045,0,1,1,1.9321,0.245106
-0.659668,0.999494,0.246045,2,5,0,0.674005,0.155456
-0.659668,0,0.246045,0,1,1,3.00996,0.155456
-0.659668,0,0.246045,0,1,1,1.00374,0.155456
-0.679102,0.998338,0.246045,2,3,0,0.684271,0.121171
-0.693792,0.996752,0.246045,1,1,0,0.694985,0.105809
-0.674182,1,0.246045,1,1,0,0.689961,0.127645
-0.674182,0,0.246045,0,1,1,1.0542,0.127645
-0.654052,1,0.246045,2,3,0,0.672155,0.177622
-0.746988,0.484335,0.246045,1,2,1,1.33827,0.427745
-0.926562,0.664951,0.246045,1,3,1,1.39729,0.657338
-1.38246,0.663846,0.246045,1,3,1,3.5498,1.1305
-0.804981,0.799845,0.246045,2,5,1,2.12563,0.508873
-0.697069,0.924616,0.246045,2,7,0,0.827776,0.344555
-0.687273,0.997446,0.246045,3,7,0,0.743116,0.325085
-0.688141,0.999976,0.246045,1,1,0,0.68911,0.32688
-0.682568,0.5,0.246045,1,2,1,1.067,0.117087
-0.682568,0,0.246045,0,1,1,1.48002,0.117087
-0.830237,0.778538,0.246045,3,7,0,1.3935,0.541511
-0.731546,0.999844,0.246045,3,7,0,0.876725,0.403938
-1.08681,0.993042,0.246045,2,7,0,1.40596,0.832875
-0.898704,0.999944,0.246045,2,5,0,1.1248,0.624945
-0.756936,0.998834,0.246045,2,7,0,1.17977,0.442475
-0.669429,0.666667,0.246045,1,3,1,0.971666,0.283278
-0.668797,0.998656,0.246045,2,5,0,0.709408,0.135964
-0.668797,0,0.246045,0,1,1,1.61422,0.135964
-0.674291,0.998712,0.246045,2,5,0,0.689049,0.295857
-0.778514,0.98491,0.246045,3,7,0,0.797835,0.0599448
-0.778514,0,0.246045,0,1,1,2.02931,0.0599448
-0.778514,0,0.246045,0,1,1,2.16747,0.0599448
-1.49519,0.74368,0.246045,3,15,1,1.53578,1.23901
-1.46945,0.999992,0.246045,2,3,0,1.50948,1.21441
-1.02427,0.833275,0.246045,2,6,1,1.80141,0.766135
-0.665257,0.999741,0.246045,2,7,0,1.13114,0.271299
-0.847969,0.490148,0.246045,1,2,1,1.65238,0.563744
-0.696563,0.99796,0.246045,2,7,0,1.19423,0.103378
-0.696563,0,0.246045,0,1,1,1.37144,0.103378
-0.909915,0.827198,0.246045,1,1,0,0.993612,0.0306035
-0.909915,0.740354,0.246045,1,1,0,1.21816,0.0306035
-0.909915,0,0.246045,0,1,1,2.92106,0.0306035
-0.829334,0.149504,0.246045,1,2,1,3.42322,0.540365
-1.33365,0.992903,0.246045,2,7,0,1.87931,1.08284
-2.02395,0.799232,0.246045,2,5,1,2.81936,1.72862
-2.66355,0.864839,0.246045,2,7,0,3.239,2.29717
-2.13624,0.9,0.246045,3,10,1,2.66442,1.82983
-1.41496,0.888889,0.246045,3,9,1,2.13517,1.162
-1.08368,1,0.246045,2,7,0,1.56493,0.829576
-0.997797,0.999868,0.246045,1,3,0,1.13615,0.737281
-0.653809,0.999557,0.246045,2,7,0,1.14886,0.179232
-0.713414,0.49064,0.246045,1,2,1,1.06643,0.374068
-0.852678,0.997785,0.246045,2,5,0,0.893531,0.569566
-0.845122,1,0.246045,1,1,0,0.853582,0.560208
-0.679489,1,0.246045,1,3,0,1.41816,0.308172
-0.853034,0.995831,0.246045,1,3,0,1.48696,0.570005
-1.03742,0.970802,0.246045,2,5,0,1.07976,0.780328
-1.47839,0.832534,0.246045,2,6,1,1.54027,1.22296
-1.36149,0.999904,0.246045,1,3,0,1.56232,1.11008
-1.27098,1,0.246045,2,3,0,1.36134,1.02092
-1.36409,0.999093,0.246045,4,15,0,1.99494,1.11262
-0.910458,0.666667,0.246045,1,3,1,3.53041,0.638703
-1.08824,0.997737,0.246045,2,7,0,1.41177,0.834383
-1.73413,0.997438,0.246045,2,7,0,1.93246,1.46346
-1.27289,0.85711,0.246045,2,7,1,2.04564,1.02282
-1.29179,0.999948,0.246045,1,1,0,1.29203,1.04158
-1.33936,0.99983,0.246045,2,3,0,1.37291,1.08844
-1.40436,0.999815,0.246045,2,3,0,1.43251,1.15174
-1.07409,0.999969,0.246045,2,7,0,1.55439,0.819449
-1.25893,0.998646,0.246045,2,7,0,1.55541,1.00892
-0.923508,0.999754,0.246045,2,7,0,1.44346,0.653823
-0.993318,0.999619,0.246045,2,3,0,0.993403,0.732356
-1.14495,0.998843,0.246045,2,5,0,1.35094,0.893425
-1.33175,0.999425,0.246045,3,7,0,1.40376,1.08098
-1.32759,1,0.246045,1,1,0,1.33588,1.07689
-1.15808,0.833277,0.246045,2,6,1,1.55665,0.906929
-1.52481,0.998552,0.246045,2,5,0,1.71132,1.26721
-1.29286,0.833269,0.246045,2,6,1,1.9539,1.04264
-1.17664,0.857116,0.246045,2,7,1,1.38574,0.925919
-3.28388,0.869317,0.246045,3,8,1,4.76663,2.83555
-2.91735,0.999981,0.246045,4,15,0,3.50819,2.51862
-3.73624,0.899891,0.246045,3,10,1,3.78492,3.22306
-3.74819,0.999997,0.246045,1,1,0,3.75133,3.23325
-4.80851,0.999755,0.246045,3,9,0,5.31092,4.13049
-4.81154,0.999999,0.246045,1,1,0,4.81833,4.13303
-4.80051,0.999997,0.246045,3,7,0,4.88029,4.12376
-4.80225,0.999998,0.246045,2,3,0,4.83432,4.12522
-3.47794,0.91666,0.246045,3,12,1,5.11386,3.00222
-2.03847,0.999945,0.246045,3,11,0,3.93917,1.74176
-2.15335,0.999856,0.246045,1,3,0,2.21786,1.8452
-1.64273,0.999827,0.246045,2,7,0,2.50798,1.37836
-1.63074,1,0.246045,3,7,0,1.64471,1.36714
-1.64745,0.999974,0.246045,1,1,0,1.64837,1.38278
-1.63735,1,0.246045,1,1,0,1.64999,1.37333
-1.62284,1,0.246045,2,3,0,1.63869,1.35972
-1.80206,0.999616,0.246045,2,5,0,2.0162,1.52621
-1.89154,0.999871,0.246045,1,3,0,1.92593,1.60827
-1.90268,0.999996,0.246045,2,3,0,1.90521,1.61844
-2.44037,0.999484,0.246045,2,5,0,2.51305,2.10075
-2.37287,1,0.246045,2,3,0,2.44588,2.04098
-0.967272,0.888885,0.246045,3,9,1,2.41739,0.703472
-1.0608,0.999237,0.246045,1,3,0,1.12954,0.805344
-0.959483,0.999784,0.246045,1,3,0,1.1447,0.694745
-1.09736,0.999655,0.246045,2,7,0,1.27064,0.84396
-0.876661,0.833296,0.246045,2,6,1,1.16288,0.598744
-0.652682,0.999818,0.246045,2,5,0,0.928817,0.21033
-0.710434,0.996884,0.246045,1,3,0,0.937035,0.368903
-0.836222,0.896326,0.246045,2,7,0,0.836684,0.549073
-1.02661,0.999036,0.246045,1,3,0,1.44796,0.768666
-0.994144,0.999922,0.246045,2,3,0,1.05694,0.733265
-1.09271,0.999252,0.246045,1,3,0,1.16787,0.839078
-1.48031,0.998389,0.246045,2,7,0,1.70594,1.22481
-1.62216,0.999662,0.246045,2,5,0,1.75086,1.35909
-0.920101,1,0.246045,4,15,0,1.62698,0.64989
-1.16503,0.8566,0.246045,2,7,0,1.16977,0.914047
-1.16466,1,0.246045,1,1,0,1.17039,0.913672
-0.677288,0.8,0.246045,2,5,0,1.36057,0.303075
-0.680169,0.99991,0.246045,1,1,0,0.680313,0.309713
-0.655072,0.999583,0.246045,3,7,0,0.713775,0.230924
-0.983001,0.991275,0.246045,2,5,0,1.1043,0.720969
-2.93075,0.992478,0.246045,3,9,0,2.99042,2.53026
-3.08136,0.999902,0.246045,1,3,0,3.19674,2.66082
-3.56356,0.857033,0.246045,2,7,1,5.17646,3.07554
-1.58709,0.999957,0.246045,3,11,0,4.06058,1.32612
-1.12601,0.857143,0.246045,2,7,1,1.65051,0.873834
-1.28744,0.857001,0.246045,2,7,1,1.30066,1.03727
-1.37414,0.857063,0.246045,2,7,1,1.4144,1.1224
-1.27606,0.999924,0.246045,1,3,0,1.43034,1.02598
-1.26712,1,0.246045,2,3,0,1.2783,1.01708
-1.62023,0.998916,0.246045,2,5,0,1.77747,1.35728
-1.47782,0.857122,0.246045,2,7,1,1.75001,1.22242
-1.38263,0.999946,0.246045,1,3,0,1.52642,1.13066
-0.984252,0.999662,0.246045,2,7,0,1.64569,0.722353
-1.11108,0.999081,0.246045,2,5,0,1.24977,0.858304
-1.0937,0.99991,0.246045,2,3,0,1.15156,0.840117
-0.83688,0.833333,0.246045,2,6,1,1.10243,0.549901
-0.653202,0.999806,0.246045,2,5,0,0.881516,0.184022
-0.652486,0.999772,0.246045,1,3,0,0.657455,0.206438
-1.08954,0.972158,0.246045,2,7,0,1.33032,0.835745
-0.655452,0.999596,0.246045,2,7,0,1.27888,0.233129
-0.655676,0.998475,0.246045,1,3,0,0.692634,0.169165
-0.674081,0.997614,0.246045,3,7,0,0.77445,0.295338
-0.674081,4.03138e-05,0.246045,1,1,0,1.52496,0.295338
-1.22813,0.728903,0.246045,2,4,1,2.18179,0.978066
-1.29721,0.999767,0.246045,2,3,0,1.32178,1.04695
-1.72577,0.856775,0.246045,2,7,1,1.76677,1.45572
-2.09628,0.999524,0.246045,2,7,0,2.24498,1.7939
-1.4148,0.8,0.246045,2,5,1,2.84835,1.16184
-1.83799,0.999333,0.246045,3,7,0,1.83802,1.55923
-1.18894,0.833269,0.246045,2,6,1,2.56406,0.938442
-1.11471,0.857129,0.246045,2,7,1,1.21934,0.862087
-1.5603,0.998152,0.246045,2,7,0,1.87408,1.30084
-1.86356,0.87443,0.246045,3,8,1,2.56972,1.58267
-1.64338,0.857113,0.246045,2,7,1,2.20453,1.37897
-1.65528,0.999982,0.246045,1,1,0,1.65732,1.3901
-1.31832,0.857123,0.246045,2,7,1,1.78866,1.06777
-1.57821,0.998996,0.246045,3,9,0,2.12343,1.31776
-1.76073,0.999848,0.246045,3,7,0,1.76446,1.48808
-1.43262,0.999971,0.246045,3,9,0,1.87738,1.17903
-0.986927,0.999676,0.246045,2,7,0,1.77608,0.725311
-0.999232,0.999933,0.246045,1,1,0,0.999865,0.738855
-0.917329,0.999944,0.246045,3,7,0,1.04107,0.646683
-0.758256,0.8,0.246045,2,5,1,0.9567,0.444398
-0.74455,0.999843,0.246045,2,3,0,0.777497,0.424067
-0.67,0.5,0.246045,1,2,1,1.48674,0.133965
-0.836877,0.949783,0.246045,1,1,0,0.838875,0.0437784
-0.861394,0.958707,0.246045,1,1,0,1.00645,0.0386923
-0.861394,0,0.246045,0,1,1,2.18754,0.0386923
-0.861394,0,0.246045,0,1,1,2.53041,0.0386923
-0.861394,0,0.246045,0,1,1,1.2137,0.0386923
-0.752743,1,0.246045,1,1,0,0.831033,0.0698162
-0.752743,0,0.246045,0,1,1,1.12521,0.0698162
-0.662137,0.464642,0.246045,1,2,1,1.02825,0.261267
-0.662137,0,0.246045,0,1,1,1.55438,0.261267
-0.672838,0.999461,0.246045,3,7,0,0.693438,0.292222
-0.65363,0.99941,0.246045,1,3,0,0.780233,0.180511
-0.800733,0.981382,0.246045,2,7,0,0.985486,0.503254
-0.750861,0.999806,0.246045,1,3,0,0.829186,0.433531
-0.78469,0.999411,0.246045,2,3,0,0.798336,0.481641
-1.21599,0.9927,0.246045,2,7,0,1.63598,0.965845
-0.998781,0.833333,0.246045,2,6,1,1.26487,0.73836
-0.747427,0.999985,0.246045,3,7,0,1.01511,0.428403
-0.947893,0.832167,0.246045,2,6,1,0.954558,0.681674
-1.34426,0.664682,0.246045,1,3,1,2.95941,1.09324
-1.8609,0.998918,0.246045,2,5,0,1.94216,1.58023
-1.85667,1,0.246045,1,1,0,1.86587,1.57636
-2.08266,0.999553,0.246045,2,7,0,2.4285,1.78163
-2.07107,1,0.246045,1,1,0,2.08519,1.77119
-1.54665,0.874993,0.246045,3,8,1,2.14661,1.28793
-1.55571,0.999984,0.246045,1,1,0,1.55847,1.2965
-1.49302,0.999976,0.246045,2,3,0,1.58706,1.23694
-1.48811,1,0.246045,1,1,0,1.49718,1.23226
-1.4529,0.999995,0.246045,2,3,0,1.49898,1.19854
-0.997109,0.666667,0.246045,1,3,1,3.50492,0.736525
-1.26743,0.999412,0.246045,2,7,0,1.36321,1.0174
-1.39092,0.999592,0.246045,2,5,0,1.49268,1.13872
-2.80309,0.872647,0.246045,3,8,1,4.10473,2.41916
-3.51806,0.908945,0.246045,3,11,1,3.68476,3.0366
-3.05637,0.909081,0.246045,3,11,1,3.742,2.63919
-2.74679,0.999854,0.246045,2,7,0,3.6867,2.37001
-2.28601,0.999938,0.246045,2,5,0,2.98818,1.96378
-2.38677,0.999909,0.246045,1,3,0,2.42976,2.05331
-1.91382,0.888859,0.246045,3,9,1,2.66156,1.6286
-1.03268,0.874987,0.246045,3,8,1,2.04868,0.775226
-0.681996,0.998972,0.246045,2,7,0,1.40823,0.313791
-0.894601,0.908355,0.246045,2,5,0,0.918169,0.620109
-1.08142,0.799018,0.246045,2,5,1,1.4491,0.827192
-1.32024,0.856743,0.246045,2,7,1,1.3798,1.06966
-0.709582,0.874784,0.246045,3,8,1,1.60697,0.367411
-0.709582,0,0.246045,0,1,1,2.14668,0.367411
-0.709582,0,0.246045,0,1,1,2.21661,0.367411
-0.787772,0.944261,0.246045,2,5,0,0.898017,0.485844
-0.721696,0.999571,0.246045,2,5,0,0.856251,0.388014
-0.785149,0.5,0.246045,1,2,1,1.5033,0.0577326
-0.774296,0.879754,0.246045,2,7,0,1.12452,0.467266
-0.92193,0.713558,0.246045,2,7,0,0.95228,0.652002
-0.801403,0.99987,0.246045,3,7,0,0.978487,0.504144
-1.70273,0.989943,0.246045,3,9,0,2.31091,1.43432
-0.724201,0.749658,0.246045,2,4,1,4.07114,0.392126
-0.671582,0.5,0.246045,1,2,1,1.31886,0.131469
-0.753835,0.731972,0.246045,2,4,1,0.930132,0.437928
-1.08706,0.796633,0.246045,2,5,1,1.34601,0.833138
-1.07289,0.999992,0.246045,3,7,0,1.1016,0.818181
-1.07632,0.999985,0.246045,1,1,0,1.07995,0.821804
-1.28338,0.799411,0.246045,2,5,1,1.66291,1.03325
-1.77806,0.998262,0.246045,2,7,0,2.14801,1.50408
-2.04591,0.999735,0.246045,2,5,0,2.09984,1.74848
-1.90755,0.999941,0.246045,1,3,0,2.15279,1.62288
-1.33663,0.8,0.246045,2,5,1,2.4171,1.08576
-1.09954,0.857143,0.246045,2,7,1,1.33667,0.84624
-0.797677,1,0.246045,2,5,0,1.27889,0.499186
-0.654637,0.998789,0.246045,2,7,0,0.967268,0.174203
-0.821136,0.733667,0.246045,2,4,1,1.05187,0.529893
-0.773608,0.99988,0.246045,1,3,0,0.842702,0.466303
-0.80104,0.999285,0.246045,3,7,0,0.881569,0.503662
-0.652437,0.5,0.246045,1,2,1,1.61486,0.20503
-0.66,0.998701,0.246045,2,7,0,0.678883,0.154541
-0.653058,0.999695,0.246045,1,3,0,0.664871,0.185416
-0.653058,0.454073,0.246045,1,2,1,3.03654,0.185416
-0.656438,0.999683,0.246045,3,7,0,0.661381,0.238332
-0.74614,0.995289,0.246045,3,7,0,0.793938,0.426468
-0.853681,0.937331,0.246045,3,7,0,0.873211,0.0402084
-0.66657,1,0.246045,1,1,0,0.801795,0.139923
-0.652361,0.93259,0.246045,2,3,0,0.940435,0.19937
-0.741548,0.992121,0.246045,2,5,0,0.754048,0.419501
-0.93246,0.664662,0.246045,1,3,1,1.47268,0.664105
-1.30194,0.799077,0.246045,2,5,1,1.53628,1.05162
-1.30391,0.999995,0.246045,1,1,0,1.30893,1.05356
-1.20233,0.999899,0.246045,1,3,0,1.36883,0.952037
-1.76676,0.998354,0.246045,2,7,0,1.88773,1.49366
-0.87447,0.79982,0.246045,2,5,1,3.47176,0.59611
-0.652369,0.998695,0.246045,2,7,0,1.14262,0.198253
-0.652841,0.999458,0.246045,3,7,0,0.665604,0.187843
-0.656777,0.998584,0.246045,2,5,0,0.680806,0.239991
-0.653958,0.999175,0.246045,2,5,0,0.690352,0.178226
-0.653958,0,0.246045,0,1,1,1.75397,0.178226
-0.7469,0.988488,0.246045,2,5,0,0.851477,0.427613
-0.708924,0.5,0.246045,1,2,1,1.68122,0.093781
-0.708924,0,0.246045,0,1,1,0.975307,0.093781
-0.708924,0,0.246045,0,1,1,1.60791,0.093781
-0.743332,0.986002,0.246045,1,1,0,0.752843,0.0740426
-0.743332,0,0.246045,0,1,1,1.03817,0.0740426
-0.844288,0.910653,0.246045,1,1,0,0.90806,0.0421563
-0.844288,0.232789,0.246045,1,2,1,2.25854,0.0421563
-0.668127,0.550536,0.246045,2,3,0,1.23251,0.279678
-0.736135,0.785623,0.246045,1,3,0,0.881971,0.411146
-0.758344,0.999497,0.246045,2,3,0,0.773781,0.444526
-0.72712,0.999942,0.246045,2,3,0,0.769304,0.396863
-0.663362,0.756579,0.246045,1,3,0,0.869934,0.265344
-0.665002,0.999792,0.246045,2,3,0,0.670836,0.270519
-0.681162,0.999149,0.246045,1,3,0,0.691473,0.311943
-0.765284,0.995333,0.246045,2,7,0,0.936592,0.454529
-0.765246,0.749423,0.246045,2,4,1,0.980016,0.0647487
-1.02847,0.839584,0.246045,2,7,0,1.38061,0.770684
-1.09559,0.999623,0.246045,1,3,0,1.12162,0.842102
-0.743086,0.5,0.246045,1,2,1,2.78065,0.421846
-0.843902,0.798969,0.246045,2,5,1,0.993868,0.55869
-1.18994,0.99671,0.246045,2,7,0,1.4187,0.939463
-1.20065,0.999958,0.246045,2,3,0,1.21837,0.950333
-0.783229,0.75,0.246045,2,4,1,1.58664,0.479639
-0.680618,0.998297,0.246045,2,7,0,1.02584,0.310724
-0.652431,0.999855,0.246045,2,5,0,0.692084,0.204834
-0.789016,0.48456,0.246045,1,2,1,1.54634,0.487533
-0.873441,0.746973,0.246045,2,7,0,0.876072,0.59487
-1.40165,0.747498,0.246045,2,4,1,1.9723,1.14912
-0.99747,0.666667,0.246045,1,3,1,3.01488,0.736921
-1.20128,0.997986,0.246045,2,7,0,1.59341,0.950972
-1.3162,0.857006,0.246045,2,7,1,1.40529,1.06568
-2.15547,0.831824,0.246045,2,6,1,3.39412,1.8471
-1.47549,0.8,0.246045,2,5,1,2.89187,1.22019
-0.717658,0.8,0.246045,2,5,1,1.9353,0.381284
-0.722917,0.999897,0.246045,1,1,0,0.723234,0.390024
-0.667107,0.999467,0.246045,3,7,0,0.784358,0.276778
-0.906687,0.745059,0.246045,2,4,1,1.12346,0.634304
-0.733674,0.666667,0.246045,1,3,1,1.36171,0.407297
-0.74144,0.999867,0.246045,1,1,0,0.741548,0.419334
-0.658785,0.666667,0.246045,1,3,0,0.992277,0.248834
-0.666475,0.999663,0.246045,3,7,0,0.675822,0.274939
-1.32447,0.71888,0.246045,2,4,1,2.67834,1.07382
-1.60253,0.999447,0.246045,3,7,0,1.65607,1.34066
-2.14123,0.87449,0.246045,3,8,1,2.5514,1.83432
-3.25293,0.799497,0.246045,2,5,1,5.27267,2.8089
-3.12401,0.999983,0.246045,1,3,0,3.32901,2.69768
-2.52701,0.999936,0.246045,3,9,0,3.58186,2.17722
-2.22752,0.857119,0.246045,2,7,1,3.14122,1.9116
-1.83229,0.857143,0.246045,2,7,1,2.40016,1.554
-2.12839,0.999292,0.246045,2,7,0,2.76202,1.82279
-1.56308,0.999821,0.246045,2,7,0,2.5934,1.30347
-2.63182,0.888167,0.246045,3,9,1,2.67302,2.26935
-2.19678,0.833284,0.246045,2,6,1,4.01327,1.88411
-1.67495,0.999826,0.246045,2,7,0,2.56831,1.40846
-1.70037,0.999963,0.246045,1,1,0,1.70039,1.43213
-1.71953,0.999973,0.246045,1,1,0,1.7201,1.44993
-1.43246,0.833265,0.246045,2,6,1,2.36845,1.17888
-1.74101,0.874274,0.246045,3,8,1,2.49992,1.46984
-1.22275,0.833286,0.246045,2,6,1,2.16459,0.972656
-2.95391,0.99667,0.246045,3,9,0,3.31759,2.55038
-2.94752,1,0.246045,1,1,0,2.95876,2.54483
-2.58544,0.999994,0.246045,3,7,0,3.00119,2.22863
-4.02583,0.916282,0.246045,3,12,1,4.16032,3.46947
-2.15038,0.909053,0.246045,3,11,1,4.97892,1.84253
-1.65786,0.833333,0.246045,2,6,1,2.47294,1.39251
-1.67942,0.999968,0.246045,1,1,0,1.67968,1.41263
-3.1465,0.998671,0.246045,4,15,0,3.17487,2.71712
-3.6879,0.857016,0.246045,2,7,1,5.74299,3.18181
-3.62684,1,0.246045,2,3,0,3.69658,3.12966
-3.59957,1,0.246045,1,1,0,3.627,3.10634
-4.59654,0.999835,0.246045,3,9,0,4.70667,3.95208
-2.23429,0.999978,0.246045,3,11,0,4.92304,1.91765
-0.654248,0.874988,0.246045,3,8,1,2.36517,0.225598
-0.654103,1,0.246045,1,1,0,0.654294,0.224562
-0.88789,0.476472,0.246045,1,2,1,2.34246,0.612159
-0.803303,0.999695,0.246045,2,5,0,0.966086,0.50666
-0.687936,0.749575,0.246045,2,4,1,1.0817,0.326457
-0.667864,0.997464,0.246045,2,5,0,0.746802,0.137576
-0.723105,0.983726,0.246045,2,7,0,0.840434,0.390333
-1.40544,0.792858,0.246045,2,5,1,1.77615,1.15279
-1.14358,0.999297,0.246045,2,7,0,2.00589,0.89201
-1.13766,1,0.246045,1,1,0,1.14647,0.885895
-1.77456,0.832387,0.246045,2,6,1,1.95817,1.50085
-1.63888,0.999919,0.246045,1,3,0,1.88364,1.37476
-1.50901,0.999981,0.246045,3,7,0,1.68991,1.25218
-1.94452,0.833094,0.246045,2,6,1,2.19085,1.65656
-2.67835,0.8997,0.246045,3,10,1,2.7142,2.31014
-1.50199,0.833333,0.246045,2,6,1,3.4959,1.2455
-0.848458,0.75,0.246045,2,4,1,2.41724,0.564351
-1.07375,0.799302,0.246045,2,5,1,1.15033,0.819083
-0.740921,0.749409,0.246045,2,4,1,1.98394,0.0751903
-0.740921,0.806333,0.246045,1,1,0,0.832818,0.0751903
-0.686486,1,0.246045,2,7,0,0.742293,0.323442
-0.713733,0.999041,0.246045,1,3,0,0.728927,0.374616
-0.706747,1,0.246045,1,1,0,0.713601,0.362391
-0.657948,0.5,0.246045,1,2,1,1.06478,0.160637
-1.86997,0.91591,0.246045,3,9,0,2.16676,1.58854
-1.63301,0.857109,0.246045,2,7,1,2.27308,1.36926
-1.99207,0.999484,0.246045,2,7,0,2.13215,1.69975
-2.13573,0.999791,0.246045,1,3,0,2.25125,1.82938
-2.34418,0.999926,0.246045,4,15,0,2.43934,2.01552
-3.14485,0.999433,0.246045,2,7,0,3.39624,2.71569
-1.41615,0.899982,0.246045,3,10,1,3.48126,1.16314
-1.52669,0.999679,0.246045,1,3,0,1.59775,1.269
-1.59383,0.999939,0.246045,3,7,0,1.62419,1.33247
-2.00495,0.999335,0.246045,2,7,0,2.21083,1.71143
-1.70254,0.857143,0.246045,2,7,1,2.08674,1.43415
-1.68026,1,0.246045,1,1,0,1.70271,1.41341
-0.653701,0.749481,0.246045,2,4,1,4.9908,0.179989
-0.729145,0.997133,0.246045,3,7,0,0.785683,0.400116
-0.997886,0.662607,0.246045,1,3,1,2.07077,0.737378
-1.01684,0.9999,0.246045,1,1,0,1.01685,0.75808
-0.818571,0.999996,0.246045,3,7,0,1.02275,0.52659
-1.96936,0.792091,0.246045,2,5,1,3.00277,1.67915
-1.96108,1,0.246045,2,3,0,1.97287,1.67162
-1.59217,1,0.246045,3,7,0,1.96358,1.3309
-2.13737,0.928903,0.246045,2,7,0,2.22353,1.83085
-1.82985,0.999974,0.246045,2,5,0,2.22003,1.55176
-1.56782,0.857143,0.246045,2,7,1,1.88426,1.30795
-1.25177,0.799873,0.246045,2,5,1,2.41763,1.00177
-2.43267,0.997109,0.246045,4,15,0,2.82917,2.09395
-1.489,0.888882,0.246045,3,9,1,2.564,1.2331
-3.20409,0.997849,0.246045,3,9,0,3.30255,2.76681
-3.11488,1,0.246045,2,3,0,3.20663,2.68979
-2.13129,0.999988,0.246045,3,11,0,3.24199,1.82539
-2.12139,1,0.246045,1,1,0,2.13439,1.8165
-2.10325,0.999994,0.246045,2,3,0,2.14185,1.80018
-1.50767,0.857111,0.246045,2,7,1,2.63809,1.25091
-3.22203,0.99791,0.246045,3,9,0,3.31947,2.78228
-3.23959,0.999993,0.246045,1,1,0,3.24111,2.79741
-3.71193,0.999872,0.246045,3,7,0,3.71258,3.20232
-4.68768,0.999785,0.246045,3,11,0,5.08691,4.02884
-3.38397,0.999933,0.246045,3,11,0,5.56869,2.9216
-2.79825,0.999916,0.246045,2,7,0,3.81023,2.41493
-2.82279,0.999996,0.246045,2,3,0,2.82309,2.43633
-2.0208,0.857116,0.246045,2,7,1,3.80286,1.72578
-1.47938,0.857113,0.246045,2,7,1,2.44917,1.22392
-1.89368,0.999417,0.246045,3,7,0,1.89393,1.61022
-2.5703,0.998911,0.246045,2,7,0,3.24149,2.21532
-2.55542,1,0.246045,1,1,0,2.57221,2.20223
-3.54315,0.888696,0.246045,3,9,1,3.66327,3.05808
-2.1389,0.888882,0.246045,3,9,1,3.96581,1.83223
-2.11114,1,0.246045,1,1,0,2.13889,1.80728
-1.31957,0.999872,0.246045,2,7,0,2.41832,1.069
-1.98626,0.832289,0.246045,2,6,1,2.72421,1.69448
-1.55062,0.857122,0.246045,2,7,1,2.22864,1.29169
-1.51221,0.999984,0.246045,3,7,0,1.59163,1.25523
-2.01987,0.888256,0.246045,3,9,1,2.38299,1.72493
-2.07273,0.999952,0.246045,4,15,0,2.22813,1.77268
-1.13115,0.833333,0.246045,2,6,1,2.59863,0.87916
-0.808188,0.666667,0.246045,1,3,1,2.39049,0.513089
-1.01459,0.665347,0.246045,1,3,1,1.5399,0.755637
-1.08309,0.999592,0.246045,1,3,0,1.11129,0.828954
-1.49834,0.997853,0.246045,2,7,0,1.76824,1.24202
-1.37147,0.999978,0.246045,3,7,0,1.54687,1.11981
-1.35262,1,0.246045,1,1,0,1.37175,1.10141
-2.17924,0.888103,0.246045,3,9,1,2.18591,1.86841
-2.30442,0.999859,0.246045,1,3,0,2.38313,1.98017
-1.45759,0.999987,0.246045,3,9,0,2.39169,1.20305
-1.66428,0.833125,0.246045,2,6,1,1.9766,1.39851
-1.91012,0.856979,0.246045,2,7,1,2.34493,1.62523
-3.90038,0.998254,0.246045,3,11,0,4.38411,3.36286
-2.65579,0.999908,0.246045,3,15,0,4.71723,2.29038
-2.49318,0.999959,0.246045,2,5,0,2.80126,2.1474
-0.663694,0.874987,0.246045,3,8,1,2.72275,0.266416
-0.726789,0.99808,0.246045,2,5,0,0.742615,0.396329
-1.11214,0.993986,0.246045,2,5,0,1.20072,0.859413
-0.738958,0.999406,0.246045,2,7,0,1.44992,0.415523
-0.693494,0.99964,0.246045,2,7,0,0.777815,0.106077
-0.673239,1,0.246045,1,1,0,0.68952,0.128996
-0.673239,0,0.246045,0,1,1,1.18376,0.128996
-0.673239,0,0.246045,0,1,1,0.985456,0.128996
-0.673239,0,0.246045,0,1,1,0.933528,0.128996
-0.654398,1,0.246045,2,7,0,0.67161,0.226639
-0.814438,0.990295,0.246045,2,7,0,0.957149,0.521242
-1.48261,0.745088,0.246045,2,4,1,2.48777,1.227
-2.03468,0.856793,0.246045,2,7,1,2.12953,1.73833
-2.02985,0.999998,0.246045,4,15,0,2.06084,1.73396
-2.01817,0.999999,0.246045,4,15,0,2.0528,1.7234
-1.69487,0.999965,0.246045,2,5,0,2.11879,1.42702
-1.93729,0.888591,0.246045,3,9,1,2.35581,1.64999
-1.78928,0.99993,0.246045,2,5,0,2.06701,1.51444
-1.7007,0.99998,0.246045,1,3,0,1.82374,1.43244
-1.69559,1,0.246045,1,1,0,1.70511,1.42768
-1.69747,0.999888,0.246045,3,7,0,1.86823,1.42943
-1.57977,0.999934,0.246045,1,3,0,1.77518,1.31923
-1.25758,0.833333,0.246045,2,6,1,1.70168,1.00757
-0.90837,0.666667,0.246045,1,3,1,2.55247,0.63627
-0.668066,0.745202,0.246045,2,4,1,3.20214,0.137223
-0.668224,0.986169,0.246045,2,3,0,0.776037,0.136947
-0.668224,0,0.246045,0,1,1,1.11677,0.136947
-0.668224,0,0.246045,0,1,1,1.53994,0.136947
-0.668224,0,0.246045,0,1,1,2.18967,0.136947
-0.652518,0.996098,0.246045,3,7,0,0.72822,0.192951
-0.729174,0.993861,0.246045,2,5,0,0.740201,0.400162
-0.886247,0.832019,0.246045,2,6,1,0.935167,0.610205
-0.756311,0.996025,0.246045,4,15,0,1.84498,0.441561
-0.684068,0.999134,0.246045,2,5,0,0.877122,0.318306
-1.68438,0.726933,0.246045,2,4,1,2.62245,1.41725
-1.37475,0.85873,0.246045,2,7,0,1.78584,1.123
-1.52573,0.857007,0.246045,2,7,1,1.68186,1.26808
-0.670976,0.933393,0.246045,3,15,0,1.57796,0.13241
-0.654011,1,0.246045,3,7,0,0.669305,0.177882
-0.683012,0.997868,0.246045,2,5,0,0.687714,0.31602
-2.04842,0.852633,0.246045,3,8,1,2.13657,1.75074
-2.05075,0.999999,0.246045,2,3,0,2.05677,1.75285
-1.46711,0.87499,0.246045,3,8,1,2.1652,1.21217
-1.4433,0.999949,0.246045,2,3,0,1.51323,1.18932
-1.48,0.999945,0.246045,2,3,0,1.4904,1.2245
-1.65176,0.857009,0.246045,2,7,1,1.85453,1.38681
-1.42338,0.999662,0.246045,2,7,0,2.04616,1.17013
-1.52479,0.999823,0.246045,2,3,0,1.52479,1.26719
-1.47282,1,0.246045,2,3,0,1.531,1.21764
-1.11311,1,0.246045,2,7,0,1.65473,0.860419
-0.829133,0.999715,0.246045,2,5,0,1.25662,0.540109
-0.719344,0.928262,0.246045,1,3,0,1.02954,0.38411
-1.04818,0.991726,0.246045,2,7,0,1.3322,0.791871
-1.07348,0.99991,0.246045,2,3,0,1.08353,0.818804
-0.792232,0.75,0.246045,2,4,1,1.25456,0.0554957
-0.777487,0.317496,0.246045,1,2,1,2.49128,0.471712
-0.995115,0.831972,0.246045,2,6,1,1.08286,0.734334
-1.19519,0.856726,0.246045,2,7,1,1.23379,0.944796
-1.20272,0.999963,0.246045,2,3,0,1.22192,0.952425
-1.22396,0.999933,0.246045,1,1,0,1.22399,0.973875
-1.00088,0.857122,0.246045,2,7,1,1.27696,0.740659
-1.00814,0.999946,0.246045,2,3,0,1.02435,0.748604
-2.22343,0.795968,0.246045,2,5,1,3.25841,1.90795
-2.73044,0.857041,0.246045,2,7,1,3.04399,2.35572
-1.92201,0.833333,0.246045,2,6,1,3.74146,1.63607
-0.88848,0.875,0.246045,3,8,1,1.92047,0.612861
-0.695399,0.75,0.246045,2,4,1,0.988267,0.34135
-0.652379,1,0.246045,1,3,0,0.873441,0.19752
-0.660699,0.998815,0.246045,1,3,0,0.674475,0.15269
-0.660421,0.999752,0.246045,2,5,0,0.667258,0.255178
-0.655165,0.999911,0.246045,2,7,0,0.66338,0.231478
-0.655165,0,0.246045,0,1,1,3.10001,0.231478
-0.707294,0.867407,0.246045,1,3,0,0.858899,0.363367
-0.780331,0.929817,0.246045,2,5,0,0.878123,0.47565
-0.778961,0.999757,0.246045,3,7,0,0.834573,0.473757
-1.16551,0.994509,0.246045,2,7,0,1.50087,0.914544
-1.16187,1,0.246045,1,1,0,1.16938,0.910813
-1.25183,0.999852,0.246045,3,7,0,1.26866,1.00183
-1.47148,0.832992,0.246045,2,6,1,1.86011,1.21636
-0.960542,0.833333,0.246045,2,6,1,1.58108,0.695934
-1.16374,0.998676,0.246045,3,7,0,1.27685,0.912725
-1.1806,0.999945,0.246045,2,3,0,1.19543,0.929954
-1.64885,0.832484,0.246045,2,6,1,1.98917,1.38409
-2.20232,0.99927,0.246045,2,5,0,2.29111,1.88908
-1.5312,0.999988,0.246045,4,15,0,2.29637,1.27328
-1.371,0.857143,0.246045,2,7,1,1.53933,1.11935
-1.61456,0.833024,0.246045,2,6,1,2.07843,1.35196
-1.89299,0.833086,0.246045,2,6,1,2.47179,1.60958
-1.29792,0.999648,0.246045,2,7,0,2.46264,1.04765
-2.36122,0.998355,0.246045,3,9,0,2.40993,2.03065
-2.75832,0.999807,0.246045,3,7,0,2.76222,2.38009
-1.40615,0.833333,0.246045,2,6,1,3.92618,1.15348
-1.03763,0.666667,0.246045,1,3,1,2.70967,0.780556
-2.35822,0.87148,0.246045,3,8,1,2.51624,2.02798
-2.50896,0.999928,0.246045,3,7,0,2.56526,2.16131
-3.04474,0.999574,0.246045,4,15,0,3.74982,2.62912
-3.76686,0.99981,0.246045,3,9,0,3.93477,3.24917
-1.67346,0.999942,0.246045,3,11,0,4.35064,1.40707
-1.10349,0.833333,0.246045,2,6,1,1.80625,0.850376
-1.48699,0.748134,0.246045,2,4,1,2.85155,1.23118
-1.83226,0.999551,0.246045,3,7,0,1.83669,1.55397
-4.85988,0.997192,0.246045,3,11,0,5.21741,4.17367
-5.48995,0.999859,0.246045,2,7,0,5.9559,4.70154
-6.65574,0.999874,0.246045,3,11,0,7.27088,5.67169
-6.43775,0.999989,0.246045,2,5,0,6.90648,5.49082
-6.409,1,0.246045,1,1,0,6.43793,5.46695
-6.51384,0.999992,0.246045,2,3,0,6.51554,5.55397
-5.67857,0.928571,0.246045,3,14,1,6.55458,4.85902
-5.67193,1,0.246045,1,1,0,5.68394,4.85348
-5.8067,0.999978,0.246045,1,3,0,5.88335,4.96588
-5.81997,0.999979,0.246045,3,7,0,6.11569,4.97694
-5.8407,0.999994,0.246045,4,15,0,6.04029,4.99422
-5.67875,0.999992,0.246045,1,3,0,5.9639,4.85918
-2.571,0.9,0.246045,3,10,1,6.48654,2.21594
-2.70146,0.999895,0.246045,1,3,0,2.78432,2.33037
-2.15658,0.899997,0.246045,3,10,1,2.77207,1.84809
-1.71658,1,0.246045,3,7,0,2.15612,1.44719
-0.878539,0.874828,0.246045,3,8,1,2.18016,0.600999
-1.06854,0.998795,0.246045,3,7,0,1.11819,0.813566
-1.16354,0.999437,0.246045,1,3,0,1.22595,0.912519
-1.08488,0.999929,0.246045,1,3,0,1.20054,0.830839
-0.785501,0.666667,0.246045,1,3,1,2.21741,0.48275
-0.747619,1,0.246045,2,3,0,0.785426,0.428692
-0.735101,0.999979,0.246045,2,3,0,0.752439,0.409533
-0.740767,0.999903,0.246045,1,1,0,0.741209,0.418304
-0.843608,0.998622,0.246045,2,7,0,0.855836,0.558322
-0.68426,0.666667,0.246045,1,3,1,1.35791,0.318718
-0.779169,0.665202,0.246045,1,3,1,0.985213,0.474045
-0.678694,0.666667,0.246045,1,3,1,1.01821,0.30635
-0.659469,0.999615,0.246045,1,3,0,0.699108,0.251563
-0.666693,0.998976,0.246045,3,7,0,0.74465,0.275576
-0.652662,0.999017,0.246045,3,7,0,0.763521,0.209998
-0.682284,0.998932,0.246045,3,7,0,0.690307,0.117409
-0.666926,0.4885,0.246045,1,2,1,0.911214,0.276254
-0.687331,0.998915,0.246045,1,3,0,0.702636,0.325205
-1.69273,0.858221,0.246045,3,8,1,1.80183,1.42502
-1.24428,0.428809,0.246045,3,7,0,3.4579,0.99428
-1.89616,0.998185,0.246045,2,7,0,2.07998,1.61249
-2.21459,0.999715,0.246045,2,5,0,2.30534,1.90005
-0.755384,0.75,0.246045,2,4,1,4.00515,0.440204
-0.809342,0.998458,0.246045,3,7,0,0.925801,0.514601
-0.871911,0.999105,0.246045,1,3,0,0.909476,0.593024
-0.660712,0.998343,0.246045,2,7,0,1.20549,0.152656
-0.709805,0.484997,0.246045,1,2,1,1.1475,0.367801
-0.695118,0.998387,0.246045,2,7,0,0.825156,0.10463
-0.703682,0.997574,0.246045,1,1,0,0.709617,0.0976285
-0.659943,0.988222,0.246045,3,7,0,0.758765,0.253386
-0.659943,0,0.246045,0,1,1,1.398,0.253386
-0.653482,0.999629,0.246045,3,7,0,0.680345,0.219557
-0.656437,0.999844,0.246045,3,7,0,0.65964,0.238327
-0.704335,1,0.246045,2,3,0,0.794669,0.097133
-0.915343,0.358929,0.246045,1,2,1,3.90033,0.644381
-0.892572,0.99989,0.246045,2,3,0,0.944296,0.61771
-0.721992,0.714862,0.246045,2,7,0,0.8939,0.388503
-0.655165,0.997734,0.246045,2,7,0,0.933503,0.231478
-2.49958,0.942991,0.246045,3,9,0,2.5997,2.15304
-2.48192,1,0.246045,3,7,0,2.50082,2.13746
-2.54689,0.999972,0.246045,2,3,0,2.55321,2.19472
-1.85192,0.999766,0.246045,2,7,0,3.26562,1.57201
-1.444,0.999877,0.246045,2,5,0,2.06354,1.18999
-1.33933,0.999922,0.246045,1,3,0,1.50804,1.08841
-1.80149,0.998588,0.246045,2,7,0,2.10689,1.52568
-1.64885,0.999954,0.246045,3,7,0,1.906,1.38409
-1.76837,0.999752,0.246045,1,3,0,1.84753,1.49514
-1.42708,0.999988,0.246045,3,7,0,1.80854,1.17369
-1.35442,0.999992,0.246045,3,7,0,1.45274,1.10318
-1.37731,0.999946,0.246045,1,1,0,1.37734,1.1255
-1.06921,0.857114,0.246045,2,7,1,1.50225,0.814275
-1.41291,0.998548,0.246045,2,7,0,1.58195,1.16002
-1.70265,0.856995,0.246045,2,7,1,1.78467,1.43425
-1.5083,0.999902,0.246045,3,7,0,1.85992,1.25151
-1.48732,1,0.246045,1,1,0,1.50847,1.2315
-2.20616,0.999275,0.246045,3,9,0,2.24778,1.89251
-0.985135,0.999985,0.246045,4,15,0,2.31485,0.72333
-1.35019,0.74746,0.246045,2,4,1,2.68025,1.09904
-1.49113,0.857063,0.246045,2,7,1,1.4952,1.23514
-1.50037,0.999997,0.246045,3,7,0,1.50299,1.24396
-0.913939,0.999846,0.246045,2,7,0,1.67589,0.642752
-0.925069,0.999923,0.246045,1,1,0,0.92565,0.655621
-1.21636,0.665411,0.246045,1,3,1,2.10421,0.96621
-0.961369,0.99989,0.246045,3,7,0,1.31211,0.696861
-0.883385,0.999818,0.246045,1,3,0,1.01233,0.606795
-0.891239,0.999939,0.246045,1,1,0,0.892381,0.616132
-0.891239,0,0.246045,0,1,1,5.05298,0.616132
-0.655208,0.5,0.246045,1,2,1,2.27532,0.231731
-3.40356,0.800826,0.246045,3,8,1,3.84635,2.93842
-2.9302,0.999962,0.246045,2,7,0,3.64569,2.52979
-3.15834,0.999834,0.246045,2,7,0,3.47086,2.72733
-3.68367,0.857023,0.246045,2,7,1,5.61091,3.1782
-3.63901,0.999999,0.246045,2,3,0,3.69716,3.14005
-3.68908,0.999978,0.246045,2,3,0,3.73814,3.18281
-2.04811,0.999924,0.246045,3,15,0,4.35944,1.75046
-2.03812,0.999999,0.246045,4,15,0,2.0719,1.74144
-1.94208,0.999981,0.246045,1,3,0,2.07843,1.65435
-2.56592,0.999323,0.246045,3,11,0,3.11435,2.21147
-0.843624,0.75,0.246045,2,4,1,4.95815,0.558342
-0.701616,0.666667,0.246045,1,3,1,1.21146,0.353081
-0.725376,1,0.246045,3,7,0,0.751559,0.0833433
-1.47761,0.756452,0.246045,3,8,1,1.50952,1.22222
-0.737513,0.8,0.246045,2,5,1,1.89501,0.413288
-0.950075,0.664164,0.246045,1,3,1,1.62277,0.684142
-1.75176,0.795454,0.246045,2,5,1,3.05864,1.47979
-1.13038,0.8,0.246045,2,5,1,2.4269,0.87837
-0.680744,0.8,0.246045,2,5,1,1.28899,0.311009
-0.65246,0.999256,0.246045,2,5,0,0.696629,0.19439
-0.841242,0.420461,0.246045,3,7,0,1.07566,0.555369
-0.800881,0.999975,0.246045,3,7,0,0.857181,0.503452
-0.744152,0.999718,0.246045,1,3,0,0.841782,0.423464
-0.724324,0.5,0.246045,1,2,1,1.68641,0.0839481
-0.873093,0.869448,0.246045,1,1,0,0.946725,0.0365256
-0.733446,1,0.246045,1,1,0,0.814805,0.0789377
-0.920576,0.779932,0.246045,1,1,0,1.07781,0.0291072
-0.655586,0.955627,0.246045,2,3,0,0.88353,0.169567
-0.655586,0,0.246045,0,1,1,1.02914,0.169567
-0.713366,0.997873,0.246045,3,7,0,0.774669,0.373985
-0.82269,0.5,0.246045,1,2,1,1.40304,0.0471137
-0.82269,0.303057,0.246045,1,2,1,1.77429,0.0471137
-2.35304,0.47453,0.246045,3,8,1,2.70503,2.02338
-3.90792,0.999009,0.246045,3,11,0,4.4657,3.36928
-4.0477,0.999951,0.246045,1,3,0,4.13727,3.48803
-2.70235,0.999892,0.246045,3,15,0,5.03856,2.33115
-1.91184,0.888866,0.246045,3,9,0,2.96163,1.62679
-2.23357,0.99927,0.246045,2,7,0,2.98305,1.91701
-0.710697,0.874991,0.246045,3,8,1,2.33391,0.369363
-0.65696,0.86291,0.246045,1,3,0,0.848198,0.240862
-0.671256,0.998846,0.246045,1,3,0,0.687084,0.288151
-0.91792,0.745349,0.246045,2,4,1,1.13573,0.647368
-0.832845,0.999712,0.246045,1,3,0,0.990013,0.544814
-0.717686,0.666667,0.246045,1,3,0,1.05538,0.381331
-1.15068,0.484862,0.246045,1,2,1,3.78624,0.899323
-1.24088,0.999735,0.246045,2,3,0,1.24089,0.990872
-1.23928,1,0.246045,2,3,0,1.2459,0.989266
-1.28341,0.999962,0.246045,3,7,0,1.29009,1.03328
-1.53195,0.832951,0.246045,2,6,1,2.03392,1.27399
-0.968355,0.833333,0.246045,2,6,1,1.67844,0.704682
-0.907336,0.999778,0.246045,3,7,0,1.06201,0.635062
-1.74414,0.796674,0.246045,2,5,1,2.20068,1.47273
-2.64426,0.998754,0.246045,2,7,0,3.03348,2.28027
-2.5809,1,0.246045,2,3,0,2.65108,2.22464
-2.55157,0.999982,0.246045,2,3,0,2.63493,2.19884
-2.06062,0.9999,0.246045,2,7,0,2.84668,1.76176
-3.14602,0.999356,0.246045,3,11,0,3.33256,2.7167
-1.16298,0.88886,0.246045,3,9,1,3.7026,0.911949
-1.24604,0.999863,0.246045,3,7,0,1.26484,0.996035
-1.22598,1,0.246045,2,3,0,1.24608,0.975907
-1.11221,0.999898,0.246045,3,7,0,1.32037,0.859484
-0.956661,0.833333,0.246045,2,6,1,1.12836,0.691571
-0.660219,0.429695,0.246045,3,7,0,1.28933,0.254425
-0.671076,0.999371,0.246045,1,3,0,0.677462,0.287677
-0.665316,0.999996,0.246045,2,3,0,0.671861,0.271478
-0.663633,0.999863,0.246045,2,3,0,0.671176,0.266219
-0.663633,7.12644e-23,0.246045,1,1,0,1.37095,0.266219
-0.665304,0.999192,0.246045,2,5,0,0.693086,0.14235
-0.81871,0.980126,0.246045,2,7,0,0.893374,0.52677
-0.771873,0.999883,0.246045,1,3,0,0.839676,0.463867
-0.970174,0.997876,0.246045,2,5,0,1.04079,0.706713
-0.727604,0.666667,0.246045,1,3,1,1.85183,0.397643
-0.727604,0,0.246045,0,1,1,2.52469,0.397643
-0.653644,1,0.246045,1,3,0,0.999453,0.220969
-0.697902,0.998041,0.246045,2,7,0,0.703338,0.102245
-1.22291,0.655122,0.246045,2,4,1,1.78482,0.972818
-0.773422,0.75,0.246045,2,4,1,1.68441,0.466042
-1.0003,0.664658,0.246045,1,3,1,1.68647,0.740031
-0.995923,0.99997,0.246045,2,3,0,1.01769,0.735222
-0.681522,0.999408,0.246045,2,7,0,1.17746,0.118283
-0.682198,0.999859,0.246045,1,1,0,0.686345,0.117507
-0.656145,1,0.246045,2,3,0,0.680967,0.167183
-0.653883,0.999789,0.246045,2,3,0,0.659518,0.178725
-1.29791,0.678102,0.246045,2,4,1,2.94,1.04764
-0.863024,0.666667,0.246045,1,3,1,3.38412,0.582247
-0.736703,0.999986,0.246045,3,7,0,0.872968,0.412031
-0.812242,0.994019,0.246045,2,7,0,0.81583,0.518386
-0.802025,1,0.246045,1,1,0,0.81234,0.504968
-0.732912,0.989576,0.246045,2,7,0,0.80334,0.406097
-0.726447,0.654998,0.246045,3,7,0,2.1198,0.395776
-0.860906,0.998128,0.246045,2,5,0,0.893759,0.579663
-1.30457,0.831852,0.246045,2,6,1,1.39084,1.05422
-1.53818,0.998877,0.246045,2,7,0,1.97267,1.2799
-1.3224,0.857143,0.246045,2,7,1,1.57044,1.07179
-0.886724,0.666667,0.246045,1,3,1,3.36731,0.610774
-1.21212,0.799064,0.246045,2,5,1,1.39542,0.961933
-1.13938,0.999961,0.246045,1,3,0,1.24002,0.887671
-1.23138,0.999556,0.246045,1,3,0,1.28477,0.981339
-1.82809,0.998337,0.246045,2,7,0,1.96952,1.55015
-2.02936,0.857043,0.246045,2,7,1,2.29625,1.73352
-1.82806,0.999994,0.246045,3,7,0,2.06421,1.55012
-2.33443,0.856985,0.246045,2,7,1,2.66828,2.00686
-1.70513,0.533348,0.246045,4,15,0,2.46874,1.43655
-1.69267,1,0.246045,2,3,0,1.70705,1.42496
-2.67297,0.799273,0.246045,2,5,1,4.2869,2.30543
-3.12131,0.999722,0.246045,2,5,0,3.33554,2.69535
-3.14302,0.999991,0.246045,1,1,0,3.14375,2.71411
-3.17201,0.999976,0.246045,2,3,0,3.22868,2.73914
-2.83196,0.999987,0.246045,2,5,0,3.26587,2.44432
-4.05443,0.999643,0.246045,4,15,0,4.1376,3.49374
-2.6646,0.857143,0.246045,2,7,1,5.13145,2.2981
-1.68566,0.875,0.246045,3,8,1,2.80477,1.41844
-2.0207,0.833037,0.246045,2,6,1,2.87195,1.72569
-2.50696,0.857024,0.246045,2,7,1,2.7972,2.15954
-1.39589,0.99981,0.246045,3,9,0,3.2344,1.14354
-1.02651,0.666667,0.246045,1,3,1,2.71502,0.768561
-0.692954,0.5,0.246045,1,2,1,2.80826,0.336579
-0.879698,0.663047,0.246045,1,3,1,1.53164,0.602387
-1.11109,0.799373,0.246045,2,5,1,1.1874,0.858312
-1.09157,1,0.246045,1,1,0,1.11105,0.837882
-1.144,0.999793,0.246045,3,7,0,1.20896,0.892441
-1.16126,0.999938,0.246045,1,1,0,1.16152,0.910186
-1.14519,1,0.246045,1,1,0,1.16161,0.893672
-1.12555,1,0.246045,1,1,0,1.14518,0.873354
-1.17609,0.999461,0.246045,3,7,0,1.36442,0.925358
-1.15803,1,0.246045,1,1,0,1.17623,0.906873
-0.746145,0.75,0.246045,2,4,1,1.46793,0.0727382
-0.884188,0.689976,0.246045,2,4,1,1.07098,0.607753
-1.36157,0.797326,0.246045,2,5,1,1.8123,1.11016
-1.44743,0.999757,0.246045,1,3,0,1.48469,1.19328
-1.77696,0.799485,0.246045,2,5,1,2.64666,1.50307
-2.07753,0.999223,0.246045,2,7,0,2.73877,1.77701
-0.686003,0.874986,0.246045,3,8,1,2.10076,0.113353
-0.686003,0,0.246045,0,1,1,1.30932,0.113353
-0.671796,1,0.246045,1,1,0,0.683539,0.131143
-0.683391,0.997848,0.246045,1,1,0,0.68378,0.116167
-0.745964,0.98571,0.246045,2,7,0,0.797195,0.426204
-1.11626,0.746793,0.246045,2,4,1,1.4491,0.863699
-0.740581,0.75,0.246045,2,4,1,1.45722,0.418018
-0.748867,0.999874,0.246045,2,3,0,0.755679,0.430559
-0.962151,0.832106,0.246045,2,6,1,0.971209,0.697739
-0.968279,0.999964,0.246045,1,1,0,0.970378,0.704598
-0.967898,1,0.246045,3,7,0,0.972751,0.704172
-0.864201,0.999999,0.246045,3,7,0,0.972275,0.583681
-0.871513,0.999938,0.246045,1,1,0,0.872677,0.592545
-0.654175,0.999596,0.246045,3,7,0,1.08819,0.225079
-0.654175,0,0.246045,0,1,1,1.43298,0.225079
-0.653682,0.999965,0.246045,2,3,0,0.655183,0.221286
-0.731438,0.996303,0.246045,3,7,0,0.848729,0.403767
-0.731438,0,0.246045,0,1,1,4.82476,0.403767
-1.10336,0.795273,0.246045,2,5,1,1.45477,0.850243
-1.03707,0.999959,0.246045,1,3,0,1.12783,0.779956
-1.05129,0.999933,0.246045,1,1,0,1.05175,0.795199
-0.674335,0.480284,0.246045,3,7,0,1.50342,0.295966
-0.655172,1,0.246045,1,3,0,0.808921,0.171481
-0.712002,0.48934,0.246045,1,2,1,1.08643,0.371631
-2.52174,0.854094,0.246045,3,8,1,2.58694,2.17257
-1.45032,0.833333,0.246045,2,6,1,3.17696,1.19606
-2.02374,0.998981,0.246045,2,5,0,2.13354,1.72844
-2.03683,0.999987,0.246045,1,1,0,2.03891,1.74027
-1.84772,0.999992,0.246045,3,7,0,2.07535,1.56816
-2.32085,0.99955,0.246045,3,9,0,2.60015,1.99479
-2.6712,0.857016,0.246045,2,7,1,3.52851,2.30388
-2.13151,0.9,0.246045,3,10,1,2.67278,1.82559
-1.6501,0.833333,0.246045,2,6,1,2.4365,1.38525
-0.757072,0.8,0.246045,2,5,1,2.26896,0.442672
-0.652637,0.999443,0.246045,2,7,0,0.83347,0.209578
-0.66293,0.999504,0.246045,2,5,0,0.665379,0.263928
-0.930781,0.985101,0.246045,2,7,0,1.21211,0.662182
-1.38446,0.872642,0.246045,3,8,1,1.7657,1.13244
-1.40495,0.999985,0.246045,2,3,0,1.40514,1.15232
-1.507,0.999708,0.246045,1,3,0,1.56505,1.25027
-2.12071,0.856582,0.246045,2,7,1,2.69657,1.81588
-2.83264,0.999716,0.246045,4,15,0,2.86528,2.44491
-1.47351,0.874929,0.246045,3,8,1,3.99891,1.21829
-0.862183,0.749335,0.246045,2,4,1,3.42111,0.0385414
-0.68355,0.240056,0.246045,2,3,0,1.45438,0.317189
-0.657098,0.994527,0.246045,3,7,0,0.764807,0.241508
-0.661161,0.999855,0.246045,2,3,0,0.6614,0.257864
-0.661238,0.997733,0.246045,1,3,0,0.762671,0.151324
-0.658007,1,0.246045,1,1,0,0.660859,0.160446
-0.659726,0.996275,0.246045,1,3,0,0.739265,0.252557
-0.662601,0.997095,0.246045,1,3,0,0.75806,0.148079
-0.662601,0.465004,0.246045,1,2,1,1.7404,0.148079
-0.666724,0.999305,0.246045,2,5,0,0.67579,0.275666
-0.652972,0.998539,0.246045,2,7,0,0.734647,0.186327
-0.764001,0.987429,0.246045,3,7,0,0.776853,0.0652284
-0.764001,0,0.246045,0,1,1,1.23196,0.0652284
-1.6031,0.411869,0.246045,3,8,1,5.36931,1.34119
-1.71536,0.999758,0.246045,1,3,0,1.78373,1.44605
-1.06993,0.999871,0.246045,2,7,0,1.91339,0.815041
-0.86174,1,0.246045,1,3,0,1.55158,0.580682
-0.67167,0.799858,0.246045,2,5,1,0.985365,0.289227
-0.767231,0.664652,0.246045,1,3,1,1.01441,0.457302
-0.767231,0,0.246045,0,1,1,5.33597,0.457302
-0.680741,0.666667,0.246045,1,3,1,0.944426,0.311
-0.686666,0.5,0.246045,1,2,1,1.01853,0.112664
-0.678232,1,0.246045,2,3,0,0.686708,0.122253
-0.678232,0,0.246045,0,1,1,1.14656,0.122253
-0.653927,0.99146,0.246045,3,7,0,0.744999,0.223241
-0.755687,0.492054,0.246045,1,2,1,1.19185,0.440648
-0.797773,0.999498,0.246045,3,7,0,0.833212,0.499314
-0.820039,0.99982,0.246045,2,3,0,0.825078,0.528482
-1.1524,0.995869,0.246045,2,7,0,1.37043,0.901091
-0.931145,0.999974,0.246045,2,7,0,1.21098,0.662599
-1.1163,0.799174,0.246045,2,5,1,1.45963,0.863749
-0.836357,0.749591,0.246045,2,4,1,2.0274,0.549243
-1.11687,0.664799,0.246045,1,3,1,2.03724,0.864338
-1.25929,0.999271,0.246045,2,5,0,1.41813,1.00928
-2.13023,0.832254,0.246045,2,6,1,2.54022,1.82444
-0.967935,0.874949,0.246045,3,8,1,2.46909,0.704213
-0.968116,0.999999,0.246045,1,1,0,0.972688,0.704415
-0.771358,0.666667,0.246045,1,3,1,1.4852,0.463142
-0.653432,0.999782,0.246045,2,5,0,0.893053,0.182045
-0.655191,0.999955,0.246045,3,7,0,0.655387,0.171389
-0.655191,0,0.246045,0,1,1,1.49591,0.171389
-0.653788,0.99837,0.246045,1,3,0,0.678393,0.222153
-0.773593,0.816249,0.246045,2,3,0,0.870967,0.0616643
-2.0512,0.693896,0.246045,3,9,0,2.25215,1.75325
-1.29033,0.888889,0.246045,3,9,1,2.05193,1.04014
-1.87136,0.856623,0.246045,2,7,1,1.99656,1.58981
-2.25904,0.857035,0.246045,2,7,1,2.42159,1.93974
-1.63662,0.999808,0.246045,3,9,0,2.83505,1.37265
-1.31176,0.87496,0.246045,3,8,1,1.75737,1.06131
-1.43633,0.857066,0.246045,2,7,0,1.43799,1.18261
-2.40699,0.872885,0.246045,3,8,1,4.06114,2.07122
-2.44809,0.999955,0.246045,2,3,0,2.49627,2.10758
-0.982509,0.888889,0.246045,3,9,1,2.445,0.720424
-1.91397,0.79705,0.246045,2,5,1,2.47387,1.62874
-1.47444,0.833333,0.246045,2,6,1,2.16834,1.21919
-1.30743,0.833293,0.246045,2,6,1,1.67795,1.05704
-1.40282,0.999681,0.246045,1,3,0,1.45421,1.15025
-2.09897,0.856619,0.246045,2,7,1,2.3059,1.79632
-2.56579,0.999513,0.246045,2,5,0,2.82324,2.21135
-2.42857,0.999966,0.246045,1,3,0,2.66175,2.09032
-0.822293,0.874921,0.246045,3,8,1,3.30327,0.531378
-1.15122,0.998471,0.246045,2,7,0,1.363,0.899876
-1.24896,0.857058,0.246045,2,7,1,1.24907,0.998961
-1.26263,0.999987,0.246045,2,3,0,1.26364,1.01261
-0.890072,0.999957,0.246045,2,5,0,1.30455,0.614749
-0.882576,1,0.246045,1,1,0,0.891245,0.60583
-0.735965,0.666667,0.246045,1,3,1,1.20908,0.410883
-2.31495,0.655027,0.246045,4,15,0,2.33917,1.98954
-2.32584,0.999997,0.246045,2,3,0,2.32877,1.99923
-2.07855,0.99983,0.246045,2,7,0,2.73444,1.77793
-3.24149,0.888412,0.246045,3,9,1,3.47709,2.79905
-4.08586,0.999686,0.246045,2,7,0,4.35533,3.5204
-2.73581,0.999903,0.246045,3,11,0,5.08317,2.36041
-2.37307,0.999978,0.246045,2,5,0,2.8574,2.04116
-3.8711,0.888399,0.246045,3,9,1,4.37057,3.33795
-2.69161,0.899996,0.246045,3,10,1,4.09706,2.32175
-2.06513,0.999977,0.246045,2,5,0,2.81174,1.76583
-2.16681,0.999967,0.246045,3,7,0,2.16722,1.85727
-2.45262,0.857033,0.246045,2,7,1,3.01085,2.11159
-3.76488,0.908741,0.246045,3,11,1,3.85477,3.24748
-2.03483,0.833333,0.246045,2,6,1,5.67508,1.73846
-0.673594,0.875,0.246045,3,8,1,1.95067,0.128482
-0.673594,0,0.246045,0,1,1,1.17989,0.128482
-1.01349,0.380832,0.246045,1,2,1,4.93915,0.754434
-0.866486,0.999346,0.246045,2,7,0,1.24266,0.586459
-0.708245,0.999827,0.246045,2,5,0,0.922232,0.365054
-1.04884,0.990272,0.246045,2,7,0,1.36895,0.792577
-0.794388,0.999752,0.246045,2,7,0,1.16822,0.494783
-0.654504,0.464971,0.246045,3,7,0,0.957964,0.174937
-0.654504,0,0.246045,0,1,1,1.38593,0.174937
-0.709525,0.490501,0.246045,1,2,1,1.05412,0.367311
-0.65731,0.5,0.246045,1,2,1,1.07781,0.162795
-0.652611,0.99968,0.246045,1,3,0,0.662094,0.191166
-0.672609,0.996489,0.246045,3,7,0,0.72251,0.291641
-0.652413,0.999767,0.246045,2,5,0,0.679827,0.204181
-0.652413,0,0.246045,0,1,1,1.29055,0.204181
-1.1122,0.493678,0.246045,2,3,0,1.76659,0.0124429
-1.1122,0.41477,0.246045,1,1,0,1.16878,0.0124429
-0.741208,0.580871,0.246045,3,7,0,1.11136,0.41898
-0.892385,0.995061,0.246045,2,7,0,1.23589,0.617489
-0.784891,0.999967,0.246045,3,7,0,0.912994,0.481916
-0.659086,0.338969,0.246045,2,3,0,1.26588,0.250051
-1.58946,0.962386,0.246045,4,15,0,2.07822,1.32835
-2.33417,0.832568,0.246045,2,6,1,3.22058,2.00663
-1.36909,0.999988,0.246045,4,15,0,2.43539,1.11749
-2.17928,0.9981,0.246045,2,7,0,2.5027,1.86845
-0.770543,0.999762,0.246045,3,9,0,2.84132,0.461994
-1.04458,0.663821,0.246045,1,3,1,2.03921,0.788018
-0.802302,0.75,0.246045,2,4,1,1.19435,0.0525167
-0.757781,0.882835,0.246045,2,7,0,1.08071,0.443706
-0.798387,0.443113,0.246045,3,7,0,0.958056,0.0536481
-0.798387,0,0.246045,0,1,1,3.39526,0.0536481
-0.742488,0.991594,0.246045,2,3,0,0.794918,0.0744412
-0.742488,0,0.246045,0,1,1,1.51636,0.0744412
-0.685547,0.965288,0.246045,3,7,0,0.849833,0.321464
-1.05424,0.792082,0.246045,2,5,1,1.47356,0.798346
-1.73062,0.952114,0.246045,3,15,0,1.73144,1.46022
-3.38762,0.873953,0.246045,3,8,1,3.65906,2.92474
-3.41174,0.999997,0.246045,2,3,0,3.41219,2.94545
-4.50226,0.999705,0.246045,3,11,0,5.05366,3.87259
-4.0153,0.999978,0.246045,2,7,0,4.74678,3.46052
-3.54283,0.999972,0.246045,2,5,0,4.24604,3.0578
-3.7202,0.999974,0.246045,3,7,0,3.73073,3.20938
-4.25245,0.999813,0.246045,2,7,0,4.56709,3.66154
-4.18474,0.999986,0.246045,4,15,0,4.51327,3.60421
-4.17072,1,0.246045,1,1,0,4.18735,3.59234
-4.9536,0.923015,0.246045,3,13,1,5.15518,4.25238
-5.32546,0.999951,0.246045,2,5,0,5.43333,4.56401
-3.96205,0.909091,0.246045,3,11,1,5.65881,3.4153
-3.12289,0.999898,0.246045,3,11,0,4.95872,2.69672
-2.65155,1,0.246045,3,7,0,3.12292,2.28665
-2.63697,1,0.246045,1,1,0,2.65357,2.27387
-1.77575,0.88886,0.246045,3,9,1,2.97793,1.50196
-1.78998,0.999982,0.246045,1,1,0,1.79156,1.51508
-1.63575,0.999904,0.246045,2,5,0,1.93924,1.37183
-1.43907,0.857143,0.246045,2,7,1,1.65597,1.18525
-1.01529,0.666667,0.246045,1,3,1,3.19275,0.756388
-0.922087,0.833285,0.246045,2,6,1,1.08824,0.652183
-1.09185,0.799247,0.246045,2,5,1,1.38015,0.838174
-1.16793,0.999893,0.246045,3,7,0,1.16832,0.917023
-0.919646,0.974511,0.246045,1,3,0,1.80922,0.649364
-0.674662,0.799836,0.246045,2,5,1,1.11731,0.296771
-0.674662,0,0.246045,0,1,1,1.89399,0.296771
-0.655728,1,0.246045,1,3,0,0.816852,0.16894
-0.655728,0,0.246045,0,1,1,1.08612,0.16894
-0.655728,0,0.246045,0,1,1,1.16186,0.16894
-0.652726,0.999919,0.246045,2,7,0,0.657623,0.211023
-0.797686,0.977538,0.246045,2,3,0,0.804674,0.0538543
-0.797686,0,0.246045,0,1,1,1.1072,0.0538543
-0.797686,0,0.246045,0,1,1,1.0058,0.0538543
-1.88737,0.681993,0.246045,3,9,0,2.03129,1.60445
-1.86205,1,0.246045,1,1,0,1.8874,1.58129
-2.2597,0.874432,0.246045,3,8,1,3.45035,1.94033
-1.7795,0.999872,0.246045,2,7,0,2.55356,1.50541
-2.15438,0.999549,0.246045,2,7,0,2.3058,1.84612
-0.998563,0.536982,0.246045,4,15,0,2.16052,0.738121
-0.800979,0.833289,0.246045,2,6,1,1.05844,0.503581
-0.696973,0.999914,0.246045,2,5,0,0.82148,0.344371
-0.669319,0.999628,0.246045,1,3,0,0.721834,0.282978
-0.655551,1,0.246045,1,3,0,0.780975,0.169723
-0.663294,0.997103,0.246045,2,3,0,0.701361,0.146529
-0.659979,0.992337,0.246045,1,3,0,0.769219,0.253523
-0.652517,0.999943,0.246045,3,7,0,0.66417,0.192979
-0.695542,0.996868,0.246045,1,3,0,0.895907,0.341626
-0.654267,0.962691,0.246045,1,3,0,0.8069,0.225732
-0.654267,0,0.246045,0,1,1,2.49399,0.225732
-0.654267,0,0.246045,0,1,1,1.58286,0.225732
-0.655677,0.9998,0.246045,2,5,0,0.661132,0.169164
-0.661858,0.995432,0.246045,1,3,0,0.738376,0.260311
-0.661899,0.999998,0.246045,1,1,0,0.662369,0.260452
-0.895893,0.484166,0.246045,1,2,1,2.14807,0.621633
-0.659847,0.8,0.246045,2,5,1,0.937737,0.25302
-0.7584,0.915166,0.246045,1,3,0,1.0895,0.444607
-0.731577,1,0.246045,2,3,0,0.759378,0.403987
-0.938092,0.745686,0.246045,2,4,1,1.58877,0.670539
-1.19799,0.998264,0.246045,2,5,0,1.29188,0.947632
-1.81542,0.832542,0.246045,2,6,1,1.97601,1.5385
-0.817635,0.8,0.246045,2,5,1,2.55573,0.525383
-1.62095,0.992462,0.246045,4,15,0,2.06508,1.35796
-1.84335,0.999705,0.246045,3,7,0,1.92287,1.56415
-2.20652,0.999537,0.246045,2,5,0,2.34255,1.89283
-2.02194,0.999915,0.246045,2,5,0,2.41682,1.72681
-1.80468,1,0.246045,3,7,0,2.02297,1.52862
-1.81357,0.999989,0.246045,1,1,0,1.81672,1.5368
-1.83534,0.999991,0.246045,2,3,0,1.83565,1.5568
-1.22747,0.714286,0.246045,2,7,0,1.98376,0.977406
-1.59131,0.998774,0.246045,2,5,0,1.76582,1.3301
-1.36995,0.99965,0.246045,2,7,0,1.96645,1.11832
-1.36171,1,0.246045,1,1,0,1.37263,1.11029
-1.46655,0.857055,0.246045,2,7,1,1.53031,1.21163
-0.951004,0.428603,0.246045,3,7,0,1.9628,0.685192
-0.764147,0.666667,0.246045,1,3,1,1.4276,0.452901
-0.659851,1,0.246045,1,3,0,1.11547,0.253036
-0.653554,0.997965,0.246045,1,3,0,0.704562,0.181081
-0.653554,0,0.246045,0,1,1,2.26569,0.181081
-0.653554,0,0.246045,0,1,1,1.18183,0.181081
-0.653554,0,0.246045,0,1,1,2.14639,0.181081
-0.65264,0.999596,0.246045,1,3,0,0.660592,0.209628
-0.652481,0.999914,0.246045,2,5,0,0.65486,0.193818
-0.765335,0.976203,0.246045,3,7,0,0.876254,0.454602
-0.652466,0.5,0.246045,1,2,1,1.37578,0.194228
-1.01728,0.974332,0.246045,2,7,0,1.20053,0.758553
-1.16353,0.832975,0.246045,2,6,1,1.34851,0.91251
-1.05609,0.999827,0.246045,1,3,0,1.24897,0.800327
-1.06108,0.99986,0.246045,2,3,0,1.10585,0.805635
-1.25603,0.999355,0.246045,2,5,0,1.28742,1.00603
-0.998073,0.799827,0.246045,2,5,1,1.89917,0.737583
-1.0058,0.999959,0.246045,1,1,0,1.00757,0.746051
-1.09859,0.999339,0.246045,1,3,0,1.16224,0.845246
-1.11726,0.999925,0.246045,1,1,0,1.11735,0.86474
-0.798244,0.999628,0.246045,2,7,0,1.32127,0.499943
-1.049,0.997299,0.246045,2,7,0,1.16579,0.79275
-1.04502,1,0.246045,1,1,0,1.05227,0.788487
-0.795218,1,0.246045,3,7,0,0.962433,0.495897
-0.791008,1,0.246045,2,3,0,0.796636,0.49023
-0.659061,0.5,0.246045,1,2,1,1.7943,0.157195
-0.652767,0.999707,0.246045,3,7,0,0.667065,0.211643
-0.690961,0.993641,0.246045,2,7,0,0.819441,0.332616
-2.50361,0.84305,0.246045,3,8,1,3.11281,2.15659
-2.62977,0.999894,0.246045,1,3,0,2.70633,2.26755
-0.964376,0.999752,0.246045,3,11,0,3.51438,0.700232
-0.782346,0.999257,0.246045,2,7,0,1.08658,0.0586529
-1.14189,0.578077,0.246045,2,4,1,1.65695,0.890267
-1.38001,0.8568,0.246045,2,7,1,1.43496,1.12812
-2.29631,0.87371,0.246045,3,8,1,2.74495,1.97295
-2.16259,0.999959,0.246045,1,3,0,2.38973,1.85348
-2.13973,1,0.246045,3,7,0,2.16288,1.83297
-2.08889,0.999999,0.246045,2,3,0,2.1487,1.78724
-1.60753,0.874951,0.246045,3,8,1,2.39722,1.34535
-1.51185,1,0.246045,2,3,0,1.60755,1.25489
-1.39633,0.999913,0.246045,1,3,0,1.59188,1.14396
-1.29235,0.999915,0.246045,1,3,0,1.46109,1.04213
-1.26414,0.999991,0.246045,2,3,0,1.30401,1.01412
-2.41849,0.83173,0.246045,2,6,1,3.25075,2.0814
-3.75781,0.999269,0.246045,3,9,0,4.11198,3.24145
-3.90711,0.999942,0.246045,1,3,0,4.014,3.36858
-3.30017,0.857112,0.246045,2,7,1,6.5028,2.84957
-1.99631,0.857143,0.246045,2,7,1,4.27586,1.7036
-0.912832,0.8,0.246045,2,5,1,2.82599,0.641466
-0.684158,0.5,0.246045,1,2,1,1.88082,0.318499
-0.653041,0.999761,0.246045,2,7,0,0.693855,0.215133
-0.66452,0.999448,0.246045,2,5,0,0.66659,0.269029
-0.827216,0.994929,0.246045,2,5,0,0.843738,0.537671
-0.979384,0.99919,0.246045,3,7,0,0.979437,0.71696
-0.767314,0.833274,0.246045,2,6,1,1.06202,0.457421
-0.740209,0.999838,0.246045,3,7,0,0.803762,0.417449
-0.698914,0.998558,0.246045,2,7,0,0.739565,0.348048
-0.813674,0.994634,0.246045,2,7,0,1.06936,0.520249
-0.655654,0.999797,0.246045,2,5,0,0.854044,0.169263
-0.655654,0,0.246045,0,1,1,1.08804,0.169263
-0.793445,0.472307,0.246045,1,2,1,1.80538,0.493516
-1.45801,0.795833,0.246045,2,5,1,1.75706,1.20344
-1.22154,0.999485,0.246045,2,7,0,1.92055,0.971438
-0.704958,0.999706,0.246045,2,7,0,1.41728,0.359181
-0.752997,0.998443,0.246045,1,3,0,0.79394,0.436693
-0.710954,0.999947,0.246045,2,7,0,0.780112,0.369809
-0.660151,0.998716,0.246045,2,7,0,0.819589,0.254171
-0.692347,0.999068,0.246045,2,7,0,0.696165,0.335378
-0.688434,0.998591,0.246045,2,7,0,0.779878,0.110872
-0.676185,0.481103,0.246045,1,2,1,1.02363,0.300459
-0.973264,0.793085,0.246045,2,5,1,1.26913,0.710158
-0.653302,0.998576,0.246045,2,7,0,1.41055,0.217874
-0.654205,0.999307,0.246045,1,3,0,0.669194,0.176674
-0.908217,0.964245,0.246045,2,7,0,1.31438,0.636091
-0.905671,1,0.246045,1,1,0,0.911293,0.633116
-0.918165,0.999911,0.246045,1,1,0,0.918498,0.647651
-1.08667,0.997988,0.246045,2,7,0,1.37191,0.832724
-0.9259,0.999404,0.246045,2,7,0,1.3401,0.656577
-0.926902,0.999993,0.246045,1,1,0,0.930819,0.65773
-0.930933,0.999973,0.246045,1,1,0,0.933575,0.662356
-0.995227,0.999664,0.246045,2,3,0,0.995631,0.734457
-0.934182,0.999943,0.246045,1,3,0,1.01876,0.666075
-0.654201,0.999609,0.246045,3,7,0,0.925868,0.225267
-1.02635,0.967787,0.246045,2,7,0,1.60569,0.768388
-0.822313,0.666667,0.246045,1,3,1,1.52142,0.531404
-1.15166,0.996572,0.246045,2,7,0,1.36408,0.900332
-2.27364,0.997656,0.246045,3,9,0,2.34633,1.95276
-0.982101,0.888805,0.246045,3,9,1,2.72498,0.719972
-0.968038,1,0.246045,1,1,0,0.98233,0.704329
-0.772462,0.666667,0.246045,1,3,1,1.47748,0.464695
-2.88362,0.981171,0.246045,3,9,0,3.00628,2.48929
-1.39443,0.999972,0.246045,3,11,0,3.08431,1.14213
-1.3009,0.857129,0.246045,2,7,1,1.44317,1.05059
-1.44374,0.999824,0.246045,3,7,0,1.45106,1.18974
-0.657467,0.999789,0.246045,4,15,0,1.71131,0.162249
-0.664624,0.996381,0.246045,1,3,0,0.771191,0.269351
-0.66429,1,0.246045,1,1,0,0.665057,0.268308
-0.66429,0,0.246045,0,1,1,1.53011,0.268308
-1.09206,0.689453,0.246045,2,3,0,1.31855,0.0135627
-1.18011,0.531961,0.246045,3,7,0,1.42648,0.929462
-0.676434,0.749694,0.246045,2,4,1,1.94671,0.301054
-0.677487,0.999375,0.246045,3,7,0,0.719815,0.303544
-0.773755,1,0.246045,2,3,0,0.869658,0.0616064
-0.702351,0.955646,0.246045,2,7,0,0.890745,0.354434
-1.58234,0.722516,0.246045,2,4,1,3.62949,1.32165
-2.19517,0.832993,0.246045,2,6,1,2.75835,1.88268
-2.31091,0.999876,0.246045,1,3,0,2.37477,1.98595
-3.06483,0.99946,0.246045,2,7,0,3.27518,2.64651
-3.08275,0.999993,0.246045,1,1,0,3.08414,2.66201
-2.97317,0.999989,0.246045,1,3,0,3.13237,2.56709
-1.96086,0.899952,0.246045,3,10,1,3.48621,1.67142
-1.71275,0.999741,0.246045,2,7,0,2.39944,1.44363
-1.69048,0.999983,0.246045,3,7,0,1.76313,1.42292
-4.0475,0.898207,0.246045,3,10,1,4.4018,3.48785
-3.63221,0.999988,0.246045,4,15,0,4.26336,3.13424
-2.01768,0.999918,0.246045,3,9,0,4.27524,1.72295
-2.37304,0.999839,0.246045,4,15,0,2.49108,2.04114
-2.21862,0.999953,0.246045,2,5,0,2.50582,1.90365
-2.16249,1,0.246045,3,7,0,2.22637,1.85339
-1.4703,0.8,0.246045,2,5,1,2.93079,1.21522
-2.80659,0.997504,0.246045,4,15,0,3.3362,2.42221
-0.895961,0.999878,0.246045,3,11,0,3.36383,0.621714
-0.654772,0.428572,0.246045,3,7,0,0.977605,0.173487
-0.751775,0.992705,0.246045,2,5,0,0.868781,0.434886
-0.685075,0.99923,0.246045,2,5,0,0.853865,0.320462
-0.748046,0.996137,0.246045,3,7,0,0.883062,0.429331
-0.772917,0.999734,0.246045,2,3,0,0.775379,0.465333
-0.702048,0.5,0.246045,1,2,1,1.91961,0.098891
-0.702048,0,0.246045,0,1,1,1.05019,0.098891
-0.892131,0.944693,0.246045,2,7,0,1.05845,0.617189
-0.798241,1,0.246045,3,7,0,0.928836,0.499939
-0.872852,0.99877,0.246045,1,3,0,0.933137,0.594161
-1.41751,0.995878,0.246045,2,7,0,1.57242,1.16446
-1.26262,0.999935,0.246045,3,7,0,1.50619,1.0126
-0.945686,0.666667,0.246045,1,3,1,2.29128,0.679173
-2.49321,0.868123,0.246045,3,8,1,3.2448,2.14742
-1.37361,0.799896,0.246045,2,5,1,4.76908,1.1219
-1.36634,1,0.246045,1,1,0,1.37664,1.11481
-1.38642,0.999954,0.246045,1,1,0,1.38663,1.13434
-0.681485,0.999965,0.246045,3,15,0,1.51177,0.312662
-0.715793,0.5,0.246045,1,2,1,1.09271,0.0891523
-0.715793,0,0.246045,0,1,1,1.49661,0.0891523
-0.715793,0,0.246045,0,1,1,0.90185,0.0891523
-0.798484,0.952982,0.246045,1,1,0,0.81918,0.0536199
-0.690133,0.966117,0.246045,2,7,0,0.867587,0.330946
-0.788144,0.981173,0.246045,2,5,0,0.810086,0.48635
-0.652649,0.999783,0.246045,2,5,0,0.92411,0.190525
-0.659263,0.999406,0.246045,3,7,0,0.668721,0.250754
-0.659263,0,0.246045,0,1,1,1.94579,0.250754
-0.654655,0.997983,0.246045,1,3,0,0.710827,0.174108
-0.654655,0,0.246045,0,1,1,3.8627,0.174108
-1.95751,0.813905,0.246045,3,8,1,2.07212,1.66838
-1.45616,0.99983,0.246045,2,7,0,2.31464,1.20167
-1.44606,1,0.246045,1,1,0,1.45841,1.19196
-0.977053,0.833333,0.246045,2,6,1,1.52713,0.714372
-0.734006,0.799899,0.246045,2,5,0,1.11027,0.407818
-0.853816,0.996272,0.246045,2,7,0,1.07729,0.570968
-0.782379,0.999293,0.246045,2,7,0,0.932652,0.0586418
-1.1801,0.565695,0.246045,2,4,1,1.75276,0.929448
-1.49875,0.856796,0.246045,2,7,1,1.50965,1.24241
-1.68822,0.999446,0.246045,2,7,0,1.941,1.42083
-1.43512,0.999974,0.246045,2,5,0,1.74031,1.18145
-0.769127,0.933333,0.246045,3,15,1,1.24028,0.0632871
-0.836678,0.912248,0.246045,2,3,0,0.912874,0.043823
-0.721409,1,0.246045,1,1,0,0.791313,0.0856651
-0.721409,0,0.246045,0,1,1,3.98327,0.0856651
-0.988168,0.608726,0.246045,1,1,0,1.33203,0.0213687
-0.659817,0.784904,0.246045,2,3,0,0.843289,0.252908
-0.934767,0.478555,0.246045,1,2,1,2.59756,0.666743
-0.697715,0.999948,0.246045,2,5,0,0.955975,0.345783
-0.676248,0.999846,0.246045,1,3,0,0.708633,0.300609
-0.676248,0,0.246045,0,1,1,1.81584,0.300609
-0.676248,0,0.246045,0,1,1,1.89864,0.300609
-0.676248,0,0.246045,0,1,1,3.17988,0.300609
-0.679133,0.999909,0.246045,1,1,0,0.679259,0.307359
-0.663415,0.999806,0.246045,1,3,0,0.689227,0.265514
-0.819406,0.994122,0.246045,2,7,0,0.819756,0.0479325
-0.666774,1,0.246045,1,1,0,0.783426,0.139543
-0.665804,0.833029,0.246045,2,3,0,1.26958,0.27295
-0.883331,0.796233,0.246045,2,5,1,0.918875,0.606731
-2.57153,0.991313,0.246045,4,15,0,2.57204,2.2164
-3.87541,0.999416,0.246045,3,11,0,4.19532,3.34162
-3.19257,0.909061,0.246045,3,11,1,4.48254,2.75688
-3.18394,1,0.246045,1,1,0,3.19667,2.74943
-2.36814,0.999924,0.246045,3,9,0,4.16702,2.03679
-0.965952,0.999999,0.246045,4,15,0,2.37935,0.701996
-1.46983,0.997348,0.246045,2,7,0,1.57673,1.21478
-1.41725,1,0.246045,2,3,0,1.47556,1.16421
-1.92427,0.832989,0.246045,2,6,1,2.29745,1.63813
-1.4999,0.833333,0.246045,2,6,1,2.15438,1.24351
-1.87702,0.874626,0.246045,3,8,1,2.04545,1.59499
-2.33768,0.832949,0.246045,2,6,1,3.95922,2.00975
-4.45024,0.908282,0.246045,3,11,1,5.00426,3.8287
-5.99685,0.92297,0.246045,3,13,1,6.15072,5.12428
-6.301,0.999972,0.246045,3,7,0,6.38705,5.37723
-4.79029,0.916665,0.246045,3,12,1,6.74663,4.11517
-4.41292,0.999993,0.246045,2,5,0,4.90566,3.79718
-4.49616,0.999988,0.246045,2,3,0,4.50048,3.86745
-4.75357,0.999915,0.246045,2,7,0,5.13791,4.08429
-3.78995,0.999999,0.246045,4,15,0,4.81714,3.26885
-3.7054,0.999996,0.246045,2,3,0,3.82598,3.19675
-3.43528,0.999979,0.246045,3,7,0,3.87424,2.96564
-1.98499,0.89998,0.246045,3,10,1,3.91035,1.69333
-1.96298,1,0.246045,1,1,0,1.98531,1.67335
-0.87246,0.874788,0.246045,3,8,1,2.82868,0.593688
-0.905113,0.999699,0.246045,3,7,0,0.960783,0.632464
-0.723946,1,0.246045,3,7,0,0.90546,0.391711
-0.652661,0.999408,0.246045,2,5,0,0.780168,0.19034
-0.658698,0.999494,0.246045,2,5,0,0.663199,0.248479
-0.854974,0.95207,0.246045,2,3,0,0.863854,0.039949
-0.86029,0.990096,0.246045,1,1,0,1.0135,0.0389048
-0.654725,0.939521,0.246045,2,3,0,0.973437,0.228787
-0.876057,0.479153,0.246045,1,2,1,2.19076,0.598019
-2.91555,0.988812,0.246045,3,11,0,3.20189,2.51706
-2.90139,0.999996,0.246045,2,3,0,2.93971,2.50475
-3.73827,0.857031,0.246045,2,7,1,4.74164,3.22479
-3.59252,0.999983,0.246045,1,3,0,3.83967,3.10031
-3.57053,1,0.246045,1,1,0,3.59327,3.08151
-3.58216,0.999996,0.246045,1,1,0,3.58536,3.09146
-2.98273,0.999922,0.246045,2,7,0,4.0278,2.57538
-2.98041,1,0.246045,2,3,0,2.98935,2.57337
-2.97006,1,0.246045,1,1,0,2.98383,2.56439
-2.01252,0.999913,0.246045,2,7,0,3.40832,1.71828
-4.22688,0.873921,0.246045,3,8,1,4.88917,3.63989
-3.16875,0.9,0.246045,3,10,1,4.37182,2.73633
-3.18268,0.999995,0.246045,1,1,0,3.18508,2.74834
-3.42744,0.909028,0.246045,3,11,1,3.78888,2.95892
-2.38367,0.857114,0.246045,2,7,1,5.14704,2.05055
-0.694233,0.874985,0.246045,3,8,1,2.49437,0.105413
-0.936643,0.939961,0.246045,2,7,0,1.13685,0.668886
-0.689401,0.99945,0.246045,2,7,0,1.11467,0.329461
-0.685929,0.5,0.246045,1,2,1,1.08942,0.113431
-0.685929,0,0.246045,0,1,1,1.5707,0.113431
-0.685929,0,0.246045,0,1,1,1.87577,0.113431
-0.685929,0,0.246045,0,1,1,1.0054,0.113431
-0.829999,0.727651,0.246045,2,4,1,0.933856,0.541209
-0.65272,0.99897,0.246045,2,7,0,1.00392,0.210941
-2.01957,0.939914,0.246045,3,9,0,2.37165,1.72466
-0.803755,0.999996,0.246045,3,9,0,2.03947,0.507257
-0.7329,0.436537,0.246045,3,7,0,0.871952,0.0792236
-0.65237,1,0.246045,2,3,0,0.720579,0.201856
-0.671526,0.993051,0.246045,1,3,0,0.736949,0.288853
-0.772906,0.99234,0.246045,2,7,0,1.04743,0.465318
-1.02921,0.996734,0.246045,2,7,0,1.16286,0.771484
-1.68406,0.79748,0.246045,2,5,1,2.48955,1.41695
-1.45681,0.999985,0.246045,4,15,0,1.75661,1.2023
-1.24232,0.833269,0.246045,2,6,1,1.82651,0.992308
-0.840199,0.999572,0.246045,2,7,0,1.56341,0.554064
-0.899854,0.999304,0.246045,1,3,0,0.929376,0.626297
-0.966412,0.99939,0.246045,1,3,0,0.999379,0.702511
-0.887885,0.999234,0.246045,3,7,0,1.18391,0.612154
-1.05798,0.999181,0.246045,3,7,0,1.07481,0.802335
-0.746194,0.999271,0.246045,2,7,0,1.27287,0.0727159
-0.777397,0.684519,0.246045,2,4,1,1.10381,0.471588
-1.52143,0.794641,0.246045,2,5,1,1.92502,1.264
-0.963244,0.833333,0.246045,2,6,1,1.66462,0.698964
-0.962142,1,0.246045,1,1,0,0.967336,0.697728
-0.944304,0.999886,0.246045,2,3,0,0.99609,0.677605
-1.23719,0.83243,0.246045,2,6,1,1.36548,0.987166
-0.782389,0.5,0.246045,1,2,1,3.74964,0.478485
-0.950704,0.665532,0.246045,1,3,1,1.32136,0.684853
-0.682707,0.5,0.246045,1,2,1,2.23479,0.315353
-0.775819,0.665196,0.246045,1,3,1,0.978409,0.469392
-1.03772,0.832059,0.246045,2,6,1,1.05582,0.780649
-0.972047,0.999938,0.246045,1,3,0,1.06441,0.708802
-0.96009,1,0.246045,1,1,0,0.972582,0.695425
-0.961982,0.999996,0.246045,2,3,0,0.96571,0.69755
-0.768345,0.999272,0.246045,2,7,0,1.09233,0.0635777
-0.768345,0.44077,0.246045,1,2,1,1.06805,0.0635777
-0.663835,0.45469,0.246045,1,2,1,1.07643,0.266867
-0.813388,0.993164,0.246045,2,5,0,0.907811,0.519878
-0.659886,0.5,0.246045,1,2,1,2.02524,0.154852
-0.809799,0.73007,0.246045,2,4,1,1.05155,0.515199
-0.818338,0.999908,0.246045,1,1,0,0.818857,0.52629
-0.874751,0.715316,0.246045,2,7,0,0.902489,0.596448
-0.658126,0.745824,0.246045,2,4,1,2.63596,0.160062
-0.657028,1,0.246045,1,1,0,0.658138,0.163797
-0.681643,0.879018,0.246045,2,3,0,0.888289,0.313011
-0.679724,0.997954,0.246045,3,7,0,0.737515,0.120412
-0.693898,0.477497,0.246045,1,2,1,1.1502,0.338432
-0.670416,0.995544,0.246045,2,5,0,0.763184,0.133295
-0.67052,0.999983,0.246045,1,1,0,0.672762,0.13313
-0.65379,0.993607,0.246045,1,3,0,0.733468,0.222163
-0.65379,0,0.246045,0,1,1,3.0503,0.222163
-0.654013,0.999996,0.246045,2,3,0,0.654033,0.22389
-0.670547,1,0.246045,2,3,0,0.810878,0.133087
-0.662478,0.977792,0.246045,2,3,0,0.794495,0.148361
-0.677249,0.471364,0.246045,2,3,0,0.902237,0.302984
-0.799961,0.664113,0.246045,1,3,1,1.1547,0.50223
-0.719954,0.999514,0.246045,3,7,0,0.893108,0.385127
-0.738601,1,0.246045,2,3,0,1.08869,0.414972
-1.67527,0.988824,0.246045,4,15,0,1.92236,1.40876
-0.833019,0.8,0.246045,2,5,1,2.1666,0.545033
-0.89113,0.998838,0.246045,3,7,0,1.03007,0.616003
-0.925319,0.999926,0.246045,3,7,0,0.929832,0.655908
-2.06125,0.994015,0.246045,3,9,0,2.39571,1.76233
-2.65387,0.999515,0.246045,3,9,0,3.12918,2.28869
-0.697445,0.999518,0.246045,3,15,0,4.18771,0.345271
-0.658016,0.999055,0.246045,2,5,0,0.776566,0.245614
-0.830373,0.794413,0.246045,2,5,0,0.971997,0.541683
-1.02386,0.832455,0.246045,2,6,1,1.07656,0.765695
-1.02808,0.999979,0.246045,1,1,0,1.03118,0.770258
-0.866178,0.833025,0.246045,2,6,1,1.31027,0.586084
-1.60607,0.9937,0.246045,2,7,0,1.95745,1.34398
-1.1523,0.666667,0.246045,1,3,1,3.48097,0.900986
-1.07472,0.99993,0.246045,1,3,0,1.18838,0.820116
-1.50109,0.66525,0.246045,1,3,1,3.22044,1.24464
-1.35538,0.999863,0.246045,2,5,0,1.64549,1.10411
-1.10235,0.999997,0.246045,3,7,0,1.36485,0.849189
-0.720584,0.5,0.246045,1,2,1,3.16477,0.386173
-1.00361,0.328461,0.246045,1,3,1,2.21767,0.743653
-1.02138,0.999969,0.246045,2,3,0,1.02143,0.763007
-1.18583,0.999643,0.246045,2,7,0,1.42554,0.935278
-1.06543,0.833289,0.246045,2,6,1,1.29729,0.810265
-1.34057,0.832991,0.246045,2,6,1,1.43309,1.08963
-2.06686,0.713673,0.246045,2,7,0,2.30736,1.76739
-2.04322,0.999972,0.246045,2,3,0,2.12014,1.74605
-2.02234,0.999999,0.246045,4,15,0,2.06225,1.72717
-2.2835,0.999806,0.246045,2,5,0,2.32898,1.96155
-0.822826,0.874925,0.246045,3,8,1,2.97539,0.532062
-0.799471,0.998672,0.246045,3,7,0,1.03122,0.501577
-1.00325,0.995036,0.246045,2,7,0,1.52505,0.743259
-0.885289,0.749333,0.246045,2,4,1,1.4492,0.0344225
-0.694705,0.922605,0.246045,3,7,0,0.817473,0.340005
-0.818038,0.962145,0.246045,2,7,0,0.855146,0.525902
-0.700664,0.956418,0.246045,2,5,0,0.845505,0.351319
-1.00676,0.489315,0.246045,1,2,1,2.51285,0.747095
-0.724748,1,0.246045,3,7,0,0.817676,0.0837035
-0.907128,0.648058,0.246045,2,4,1,1.53688,0.634819
-1.39928,0.931476,0.246045,3,15,1,1.50798,1.14682
-0.97012,0.8,0.246045,2,5,1,1.71819,0.706652
-0.981754,0.999933,0.246045,1,1,0,0.982454,0.719588
-1.17645,0.998021,0.246045,2,7,0,1.53743,0.925725
-2.49285,0.797128,0.246045,2,5,1,3.66025,2.1471
-2.88586,0.99983,0.246045,3,7,0,2.89053,2.49125
-2.26628,0.999896,0.246045,3,11,0,3.40166,1.9462
-2.07467,0.999914,0.246045,2,5,0,2.49397,1.77443
-2.09227,0.999983,0.246045,2,3,0,2.11287,1.79029
-2.01484,0.999998,0.246045,4,15,0,2.12387,1.72038
-2.67796,0.856828,0.246045,2,7,1,3.30639,2.3098
-3.00553,0.999858,0.246045,2,5,0,3.09075,2.59515
-1.18903,0.999982,0.246045,3,9,0,3.14973,0.938534
-1.17918,1,0.246045,1,1,0,1.19077,0.928507
-1.14528,0.999997,0.246045,3,7,0,1.18767,0.893758
-0.947708,0.799856,0.246045,2,5,1,1.53004,0.681464
-1.42479,0.798745,0.246045,2,5,1,1.8455,1.17149
-1.41993,1,0.246045,1,1,0,1.42884,1.16679
-1.15692,0.999312,0.246045,2,7,0,2.02158,0.905731
-0.994277,0.999527,0.246045,2,7,0,1.39634,0.733412
-1.07014,0.999858,0.246045,2,7,0,1.10868,0.815268
-0.65672,0.749659,0.246045,2,4,1,1.69576,0.239717
-0.65672,0,0.246045,0,1,1,1.92129,0.239717
-1.56457,0.714274,0.246045,2,4,1,2.44385,1.30488
-1.86688,0.857021,0.246045,2,7,1,1.95358,1.58571
-2.55149,0.999152,0.246045,3,11,0,3.24453,2.19877
-2.42149,0.99999,0.246045,3,7,0,2.61551,2.08405
-2.44182,0.999986,0.246045,1,1,0,2.44256,2.10203
-1.30452,0.75,0.246045,2,4,1,4.83061,1.05417
-1.40363,0.999661,0.246045,1,3,0,1.46061,1.15104
-1.37897,1,0.246045,1,1,0,1.40358,1.12711
-0.771718,0.999736,0.246045,2,7,0,1.62072,0.463649
-0.663582,0.999766,0.246045,2,5,0,0.817587,0.266055
-0.659851,0.999997,0.246045,2,3,0,0.664102,0.253035
-0.659851,0,0.246045,0,1,1,1.38695,0.253035
-0.683624,0.997373,0.246045,3,7,0,0.763234,0.317348
-1.16417,0.735257,0.246045,2,4,1,1.86394,0.913166
-0.811451,0.7999,0.246045,2,5,1,1.41446,0.517355
-0.830401,0.999847,0.246045,2,3,0,0.836927,0.54172
-0.792927,0.999934,0.246045,2,3,0,0.846583,0.492818
-0.727593,0.74947,0.246045,2,4,1,1.04931,0.0820923
-0.727593,0,0.246045,0,1,1,1.03502,0.0820923
-0.662801,0.997582,0.246045,3,7,0,0.752664,0.263502
-0.65355,0.999928,0.246045,2,5,0,0.663622,0.181109
-0.65355,0,0.246045,0,1,1,1.14778,0.181109
-0.730947,0.995329,0.246045,2,3,0,0.735262,0.0802597
-1.11007,0.641806,0.246045,2,4,1,1.54493,0.857255
-1.65069,0.832502,0.246045,2,6,1,1.76431,1.38581
-0.667499,0.874848,0.246045,3,8,1,1.97973,0.277902
-0.689924,0.998793,0.246045,1,3,0,0.708097,0.330525
-0.692477,0.999933,0.246045,1,1,0,0.692952,0.335636
-0.655968,0.999576,0.246045,2,5,0,0.69795,0.167914
-0.690064,0.997828,0.246045,2,3,0,0.692413,0.109277
-0.792827,0.958404,0.246045,1,1,0,0.798093,0.0553134
-0.65242,0.998635,0.246045,2,3,0,0.774482,0.195626
-0.66829,0.999012,0.246045,3,7,0,0.676017,0.280135
-0.694165,0.99927,0.246045,2,7,0,0.699459,0.105474
-1.13699,0.372594,0.246045,2,3,0,2.82342,0.0111987
-1.13699,0.00421667,0.246045,4,31,1,2.17689,0.0111987
-1.13699,0.0570989,0.246045,3,15,0,1.19399,0.0111987
-1.13699,0.152507,0.246045,1,1,0,1.14023,0.0111987
-1.18119,0.576526,0.246045,3,7,0,1.4306,0.93056
-0.892942,0.999803,0.246045,2,7,0,1.31262,0.618148
-0.730982,0.666667,0.246045,1,3,1,1.29797,0.403044
-0.740755,0.997861,0.246045,3,7,0,0.917787,0.418286
-0.673132,0.954909,0.246045,1,3,0,0.86758,0.292967
-0.662594,0.999208,0.246045,2,5,0,0.708405,0.148095
-0.662767,0.999497,0.246045,3,7,0,0.675225,0.26339
-0.831261,0.994495,0.246045,2,5,0,0.850857,0.54281
-0.886662,0.999346,0.246045,1,3,0,0.911741,0.610699
-0.850873,0.999688,0.246045,3,7,0,0.980898,0.567339
-1.18161,0.99701,0.246045,2,7,0,1.38447,0.930984
-1.52718,0.998733,0.246045,2,5,0,1.68393,1.26946
-3.01004,0.998106,0.246045,3,9,0,3.20126,2.59906
-3.02294,0.999994,0.246045,1,1,0,3.02558,2.61024
-3.16122,0.999918,0.246045,1,3,0,3.25335,2.72982
-3.00786,0.999973,0.246045,1,3,0,3.28111,2.59717
-2.45886,0.899978,0.246045,3,10,1,3.38117,2.1171
-2.52757,0.999969,0.246045,2,3,0,2.53303,2.17771
-1.78616,0.899998,0.246045,3,10,1,2.56753,1.51156
-1.32043,0.833333,0.246045,2,6,1,2.09867,1.06985
-0.891402,0.749455,0.246045,2,4,1,3.29615,0.616326
-0.657631,0.5,0.246045,1,2,1,2.81078,0.161692
-0.74002,0.480849,0.246045,1,2,1,1.36032,0.417158
-0.668063,0.998529,0.246045,2,7,0,0.896799,0.2795
-0.898864,0.794109,0.246045,2,5,1,1.09852,0.625133
-0.856138,1,0.246045,3,7,0,0.900554,0.573824
-1.1611,0.998101,0.246045,3,7,0,1.16138,0.910026
-1.40453,0.998345,0.246045,2,7,0,1.91418,1.15191
-0.966806,0.999948,0.246045,2,5,0,1.46942,0.702951
-1.36385,0.799102,0.246045,2,5,1,1.632,1.11238
-1.28411,0.999965,0.246045,1,3,0,1.39559,1.03397
-1.4271,0.857052,0.246045,2,7,1,1.43221,1.17372
-1.19732,0.833333,0.246045,2,6,1,1.47248,0.946951
-1.21821,0.999933,0.246045,1,1,0,1.21825,0.968082
-0.995007,0.99994,0.246045,2,5,0,1.27181,0.734215
-0.891436,0.999729,0.246045,2,5,0,1.09451,0.616366
-0.701412,0.666667,0.246045,1,3,1,1.5211,0.352705
-0.780301,0.998358,0.246045,3,7,0,0.823352,0.475609
-0.779475,0.5,0.246045,1,2,1,2.07629,0.059617
-0.676713,0.993788,0.246045,3,7,0,0.794168,0.301718
-0.98902,0.986661,0.246045,2,7,0,1.31299,0.727621
-1.06352,0.999859,0.246045,2,7,0,1.10056,0.808237
-0.856865,1,0.246045,1,3,0,1.54158,0.574717
-0.768691,0.910961,0.246045,2,7,0,0.860238,0.459375
-1.03553,0.663907,0.246045,1,3,1,1.98484,0.778293
-0.850327,0.79981,0.246045,2,5,1,1.42075,0.566664
-1.07116,0.66553,0.246045,1,3,1,1.62811,0.816349
-0.6769,0.8,0.246045,2,5,1,1.18999,0.30216
-0.659203,0.99965,0.246045,1,3,0,0.694727,0.250516
-0.755906,0.5,0.246045,1,2,1,0.926841,0.0684788
-0.690266,1,0.246045,1,1,0,0.735441,0.109082
-0.690266,0,0.246045,0,1,1,1.23623,0.109082
-0.691109,0.472428,0.246045,1,2,1,1.17479,0.332911
-0.994061,0.993485,0.246045,2,5,0,1.05278,0.733174
-1.05098,0.999768,0.246045,2,3,0,1.05269,0.794869
-0.911232,0.833333,0.246045,2,6,1,1.06293,0.639604
-0.920442,0.999935,0.246045,1,1,0,0.921404,0.650284
-0.667829,0.5,0.246045,1,2,1,2.21606,0.27884
-0.754649,0.664702,0.246045,1,3,1,0.978726,0.439124
-0.758832,0.999724,0.246045,2,3,0,0.783314,0.445235
-0.905545,0.665561,0.246045,1,3,1,1.20808,0.63297
-0.66858,0.5,0.246045,1,2,1,2.0637,0.280944
-0.683098,0.99899,0.246045,2,5,0,0.723258,0.116492
-0.683098,0,0.246045,0,1,1,1.64401,0.116492
-0.683098,0,0.246045,0,1,1,2.34358,0.116492
-0.700877,0.472405,0.246045,1,2,1,1.23341,0.351714
-0.653712,1,0.246045,2,3,0,0.898335,0.221533
-0.653712,0,0.246045,0,1,1,1.2119,0.221533
-0.66204,0.999377,0.246045,3,7,0,0.677918,0.149382
-0.69241,0.994787,0.246045,2,3,0,0.749411,0.107066
-0.69241,0.11878,0.246045,1,1,0,0.851018,0.107066
-0.715015,0.993333,0.246045,1,1,0,0.718651,0.0896553
-0.776264,0.968915,0.246045,1,1,0,0.791613,0.0607222
-0.776264,0,0.246045,0,1,1,1.04712,0.0607222
-0.68058,1,0.246045,1,1,0,0.746447,0.119387
-0.868836,0.412501,0.246045,1,2,1,3.05053,0.589308
-1.19859,0.997753,0.246045,2,5,0,1.22824,0.948244
-1.60253,0.856571,0.246045,2,7,1,1.83567,1.34065
-1.43468,0.857143,0.246045,2,7,0,1.61218,1.18102
-1.12804,0.999982,0.246045,3,7,0,1.47193,0.875944
-1.17607,0.999947,0.246045,3,7,0,1.18076,0.925335
-0.740264,0.999835,0.246045,2,7,0,1.28593,0.417533
-0.80557,0.999272,0.246045,3,7,0,0.831409,0.509649
-0.658659,0.799849,0.246045,2,5,0,0.902339,0.248319
-0.6576,0.998013,0.246045,2,7,0,0.725745,0.161795
-0.652469,0.999531,0.246045,1,3,0,0.664318,0.19413
-0.743064,0.990613,0.246045,2,5,0,0.825667,0.421812
-1.05891,0.74738,0.246045,2,4,1,1.2974,0.803333
-1.28792,0.998013,0.246045,2,7,0,1.76577,1.03775
-1.15645,0.999622,0.246045,3,7,0,1.53004,0.905251
-0.874242,1,0.246045,3,7,0,1.15597,0.595835
-1.44864,0.747161,0.246045,2,4,1,2.13246,1.19445
-1.57225,0.999644,0.246045,1,3,0,1.66519,1.31213
-1.57849,0.999996,0.246045,2,3,0,1.58228,1.31802
-1.62462,0.999977,0.246045,3,7,0,1.63302,1.3614
-0.826991,0.998825,0.246045,3,11,0,3.03476,0.537384
-0.885776,0.999527,0.246045,2,3,0,0.885854,0.609645
-0.904779,0.99995,0.246045,3,7,0,0.91362,0.632073
-0.933454,0.999867,0.246045,3,7,0,0.961019,0.665242
-1.43337,0.865619,0.246045,3,8,1,4.0158,1.17975
-1.52027,0.99986,0.246045,3,7,0,1.58505,1.26289
-1.50022,1,0.246045,2,3,0,1.52054,1.24381
-3.12292,0.897958,0.246045,3,10,1,3.83317,2.69674
-3.11557,0.999993,0.246045,3,7,0,3.18957,2.69039
-1.84075,0.833333,0.246045,2,6,1,4.05679,1.56177
-0.995908,0.799864,0.246045,2,5,1,3.2547,0.735206
-1.66392,0.831842,0.246045,2,6,1,1.89937,1.39817
-1.53657,0.999916,0.246045,1,3,0,1.76032,1.27838
-1.62058,0.999828,0.246045,1,3,0,1.65238,1.35761
-2.49362,0.832397,0.246045,2,6,1,3.75634,2.14779
-2.50988,0.999997,0.246045,2,3,0,2.51144,2.16212
-2.2278,0.999988,0.246045,2,5,0,2.56604,1.91186
-1.86736,0.833281,0.246045,2,6,1,3.19159,1.58615
-1.68286,0.999913,0.246045,3,7,0,2.03594,1.41583
-1.29549,1,0.246045,3,7,0,1.68239,1.04524
-1.26403,0.999976,0.246045,3,7,0,1.33473,1.01401
-1.7893,0.856655,0.246045,2,7,1,1.88037,1.51445
-1.87421,0.99988,0.246045,1,3,0,1.90384,1.59242
-3.19837,0.899318,0.246045,3,10,1,3.30621,2.76188
-2.88441,0.99999,0.246045,2,5,0,3.27055,2.48998
-2.7569,0.999979,0.246045,1,3,0,2.96081,2.37884
-1.07188,0.999934,0.246045,3,9,0,3.10653,0.817111
-0.97444,0.99981,0.246045,1,3,0,1.14648,0.711467
-0.926392,1,0.246045,2,3,0,0.976415,0.657142
-0.768959,0.833295,0.246045,2,6,1,0.962249,0.459755
-0.848959,0.998631,0.246045,2,5,0,0.929175,0.564972
-0.682636,0.666667,0.246045,1,3,1,1.41096,0.315198
-0.653924,0.999854,0.246045,2,7,0,0.681195,0.223214
-0.655065,0.999956,0.246045,2,3,0,0.655233,0.230885
-0.655065,0,0.246045,0,1,1,1.91044,0.230885
-0.655065,0,0.246045,0,1,1,1.43066,0.230885
-0.786597,0.99165,0.246045,2,3,0,0.786651,0.0572652
-0.7655,0.972081,0.246045,3,7,0,0.872155,0.454836
-0.660087,1,0.246045,1,3,0,1.12068,0.25393
-0.655513,0.999957,0.246045,2,5,0,0.662552,0.169894
-0.678849,0.988783,0.246045,2,7,0,0.851238,0.306707
-0.657743,0.924647,0.246045,2,3,0,0.863512,0.161316
-0.652425,0.998974,0.246045,1,3,0,0.671945,0.204601
-0.660749,0.983335,0.246045,2,3,0,0.77519,0.152561
-2.35808,0.870488,0.246045,3,11,0,3.03426,2.02786
-1.14725,0.999918,0.246045,4,15,0,2.73103,0.89579
-0.850703,0.833333,0.246045,2,6,1,1.1652,0.567129
-0.846676,1,0.246045,1,1,0,0.852726,0.56214
-0.669363,0.999958,0.246045,2,5,0,0.859308,0.283099
-0.743248,0.6652,0.246045,1,3,0,0.907554,0.422093
-0.720135,1,0.246045,2,3,0,0.744406,0.385428
-1.14465,1,0.246045,1,1,0,1.33483,0.0108414
-0.794275,0.138008,0.246045,1,1,0,3.13121,0.494631
-1.4159,0.79368,0.246045,2,5,1,2.30545,1.16291
-2.02784,0.998152,0.246045,2,7,0,2.61462,1.73214
-1.05183,0.888885,0.246045,3,9,1,2.06429,0.79578
-1.06997,0.999988,0.246045,3,7,0,1.07005,0.815083
-1.04657,0.999963,0.246045,3,7,0,1.10613,0.790146
-1.63255,0.99609,0.246045,2,7,0,2.25469,1.36883
-2.17868,0.799099,0.246045,2,5,1,4.58257,1.86791
-3.42432,0.908668,0.246045,3,11,1,3.49828,2.95624
-2.68379,0.999972,0.246045,2,7,0,3.61316,2.31491
-1.17851,0.874951,0.246045,3,8,1,3.31131,0.927823
-0.789076,0.999503,0.246045,2,7,0,1.50609,0.487615
-0.706572,0.99524,0.246045,2,5,0,0.796857,0.362079
-0.706379,1,0.246045,2,3,0,0.708294,0.361734
-0.690348,0.999694,0.246045,2,7,0,0.736795,0.109004
-0.660466,0.37514,0.246045,2,3,0,0.871084,0.255346
-0.653552,0.999751,0.246045,2,5,0,0.668928,0.220176
-0.850649,0.925642,0.246045,3,7,0,0.87864,0.0408244
-1.1137,0.514682,0.246045,2,4,1,1.61776,0.861033
-0.897255,0.79374,0.246045,2,7,0,1.17266,0.623239
-0.652463,0.5,0.246045,1,2,1,2.53124,0.20582
-0.93462,0.982801,0.246045,2,3,0,0.934979,0.0272649
-1.31275,0.540035,0.246045,4,15,0,1.76774,1.06229
-1.33011,0.999956,0.246045,1,1,0,1.33058,1.07936
-1.57016,0.999544,0.246045,2,5,0,1.61754,1.31016
-1.6561,0.999831,0.246045,1,3,0,1.68954,1.39087
-1.66055,0.999993,0.246045,1,1,0,1.66518,1.39502
-1.12603,0.999689,0.246045,3,9,0,2.1389,0.873855
-2.91541,0.871399,0.246045,3,8,1,3.06032,2.51694
-2.11021,0.999995,0.246045,3,9,0,2.9691,1.80644
-1.8823,0.999822,0.246045,2,7,0,2.46076,1.59982
-1.86835,1,0.246045,1,1,0,1.88402,1.58705
-1.7758,0.999978,0.246045,1,3,0,1.90641,1.502
-0.721833,0.99996,0.246045,3,9,0,1.87178,0.388239
-0.703411,0.998227,0.246045,2,7,0,0.859416,0.0978355
-0.919216,0.802286,0.246045,1,1,0,1.02881,0.0292932
-0.728305,0.882485,0.246045,2,3,0,0.824294,0.0816973
-0.728305,0,0.246045,0,1,1,3.11015,0.0816973
-0.656364,0.338787,0.246045,2,3,0,0.903292,0.237966
-2.16135,0.952356,0.246045,3,9,0,2.3166,1.85237
-3.22235,0.99917,0.246045,3,11,0,3.78899,2.78256
-3.52367,0.999779,0.246045,4,15,0,4.35483,3.0414
-3.74931,0.999889,0.246045,2,7,0,4.04353,3.23421
-4.88633,0.908949,0.246045,3,11,1,5.49321,4.19589
-4.99763,0.999978,0.246045,1,3,0,5.04399,4.28933
-4.51647,0.999982,0.246045,2,5,0,5.22948,3.88458
-2.91191,0.909089,0.246045,3,11,1,4.71707,2.5139
-1.86934,0.857143,0.246045,2,7,1,3.47434,1.58796
-1.89552,0.999974,0.246045,2,3,0,1.91189,1.6119
-1.99633,0.999861,0.246045,1,3,0,2.04316,1.70361
-2.13639,0.999905,0.246045,3,7,0,2.19245,1.82997
-2.12704,1,0.246045,1,1,0,2.13968,1.82157
-0.958794,0.888811,0.246045,3,9,1,2.47306,0.69397
-1.04759,0.999269,0.246045,1,3,0,1.10887,0.791243
-1.50982,0.997233,0.246045,2,7,0,1.86903,1.25296
-2.104,0.798697,0.246045,2,5,1,5.03089,1.80085
-3.11699,0.999031,0.246045,2,7,0,3.62166,2.69162
-4.03704,0.999705,0.246045,3,9,0,4.38696,3.47898
-4.70489,0.999828,0.246045,3,9,0,5.25812,4.04332
-2.84073,0.999929,0.246045,3,15,0,5.59456,2.45196
-2.5815,0.999881,0.246045,2,7,0,3.27045,2.22517
-0.702035,0.874822,0.246045,3,8,1,3.97724,0.353854
-0.660605,0.5,0.246045,1,2,1,1.0564,0.152933
-0.656378,0.999948,0.246045,2,3,0,0.661719,0.166253
-0.699948,0.997239,0.246045,2,3,0,0.704289,0.100562
-0.699948,0,0.246045,0,1,1,0.886741,0.100562
-0.855939,0.915605,0.246045,2,7,0,1.3078,0.573579
-1.22922,0.998467,0.246045,2,7,0,1.49679,0.979167
-1.30526,0.999735,0.246045,1,3,0,1.33447,1.0549
-0.672449,0.749651,0.246045,2,4,1,2.49252,0.291232
-0.672449,0.488909,0.246045,1,2,1,1.93611,0.291232
-0.663627,0.713407,0.246045,2,3,0,0.858245,0.145807
-0.70164,0.485009,0.246045,1,2,1,1.1088,0.353126
-0.779891,0.998842,0.246045,2,5,0,0.898465,0.475043
-0.672941,0.997968,0.246045,2,7,0,1.06789,0.292482
-0.672941,0,0.246045,0,1,1,2.19824,0.292482
-1.02816,0.478604,0.246045,1,2,1,3.26464,0.770347
-1.54492,0.798931,0.246045,2,5,1,2.01781,1.28628
-1.40509,0.999886,0.246045,2,5,0,1.67282,1.15245
-1.91935,0.998537,0.246045,2,7,0,2.30738,1.63365
-1.50678,0.999892,0.246045,2,7,0,2.13247,1.25006
-1.53125,0.999955,0.246045,1,1,0,1.53127,1.27333
-1.94931,0.856822,0.246045,2,7,1,2.16897,1.66092
-1.52254,0.999991,0.246045,2,5,0,1.98198,1.26505
-1.11703,0.999751,0.246045,2,7,0,1.76905,0.864505
-0.787399,0.833333,0.246045,2,6,1,1.15433,0.485337
-0.791764,0.999966,0.246045,3,7,0,0.802684,0.491251
-0.681085,0.666667,0.246045,1,3,1,1.06845,0.31177
-0.861511,0.796699,0.246045,2,5,1,0.966204,0.580402
-0.738647,1,0.246045,1,3,0,1.08832,0.415043
-0.653191,0.5,0.246045,1,2,1,1.21351,0.184128
-0.883905,0.461514,0.246045,1,2,1,2.63493,0.607416
-0.794628,0.999637,0.246045,2,5,0,0.975174,0.495105
-0.675789,0.749583,0.246045,2,4,1,1.01808,0.12543
-0.675789,0,0.246045,0,1,1,1.54569,0.12543
-0.793243,0.722017,0.246045,2,4,1,1.05356,0.493244
-1.80502,0.864835,0.246045,3,8,1,2.60217,1.52893
-1.91977,0.99981,0.246045,1,3,0,1.98776,1.63403
-2.71142,0.856686,0.246045,2,7,1,3.67623,2.33909
-3.05468,0.999805,0.246045,4,15,0,3.53097,2.63773
-3.64217,0.999785,0.246045,2,5,0,3.72313,3.14275
-4.1644,0.999868,0.246045,2,5,0,4.21088,3.58698
-2.91758,0.929333,0.246045,3,11,0,4.43094,2.51882
-2.94255,0.999996,0.246045,2,3,0,2.94283,2.54051
-2.9307,1,0.246045,1,1,0,2.94547,2.53022
-2.91384,0.999932,0.246045,3,7,0,3.20258,2.51557
-3.19357,0.999763,0.246045,2,7,0,3.69091,2.75774
-3.06149,0.999981,0.246045,1,3,0,3.27506,2.64362
-2.36796,0.999847,0.246045,2,7,0,3.732,2.03663
-2.29996,1,0.246045,2,3,0,2.37323,1.97621
-2.69876,0.999904,0.246045,4,15,0,2.70233,2.32801
-3.07017,0.99982,0.246045,2,7,0,3.19515,2.65113
-0.894536,0.99999,0.246045,3,9,0,3.17876,0.620032
-0.655279,0.998433,0.246045,2,7,0,1.24593,0.170973
-0.902802,0.450387,0.246045,1,2,1,2.97204,0.629758
-0.954816,0.999576,0.246045,2,3,0,0.974138,0.689493
-0.898392,0.999982,0.246045,2,7,0,0.975434,0.624578
-2.22242,0.993295,0.246045,3,9,0,2.40367,1.90704
-0.767439,0.999916,0.246045,3,9,0,2.49608,0.457599
-0.919401,0.998421,0.246045,2,5,0,0.95391,0.649081
-1.00684,0.833076,0.246045,2,6,1,1.07018,0.747184
-0.917545,0.999797,0.246045,1,3,0,1.07311,0.646934
-1.68727,0.746247,0.246045,2,4,1,2.91367,1.41994
-2.03832,0.857022,0.246045,2,7,1,2.16736,1.74162
-3.60479,0.888281,0.246045,3,9,1,3.81216,3.11081
-3.46306,0.999983,0.246045,1,3,0,3.69987,2.98947
-3.21993,0.999938,0.246045,4,15,0,3.99546,2.78047
-2.39529,0.999952,0.246045,2,7,0,3.49197,2.06085
-1.71657,0.999798,0.246045,3,11,0,3.0911,1.44718
-1.37229,0.857124,0.246045,2,7,1,1.85426,1.1206
-1.9069,0.888027,0.246045,3,9,1,2.33825,1.62229
-2.26337,0.999642,0.246045,2,7,0,2.39023,1.9436
-1.64481,0.999758,0.246045,2,7,0,2.82991,1.38031
-1.25915,0.999859,0.246045,2,7,0,1.84342,1.00914
-1.49786,0.874308,0.246045,3,8,1,1.96256,1.24156
-1.5055,0.999968,0.246045,3,7,0,1.55996,1.24884
-1.48811,1,0.246045,1,1,0,1.50613,1.23226
-1.86307,0.999211,0.246045,2,5,0,2.02963,1.58222
-1.77451,0.999983,0.246045,1,3,0,1.89663,1.50081
-1.55088,0.749648,0.246045,2,7,0,2.13632,1.29193
-1.3254,0.999979,0.246045,2,5,0,1.58864,1.07474
-1.77148,0.998624,0.246045,2,7,0,2.05255,1.49801
-1.1888,0.999928,0.246045,2,7,0,1.90479,0.938302
-1.12054,0.999467,0.246045,3,7,0,1.45194,0.868154
-1.0318,0.999974,0.246045,2,7,0,1.17498,0.774276
-0.753354,0.666667,0.246045,1,3,1,2.09052,0.437219
-0.8547,0.997805,0.246045,2,5,0,0.999007,0.572056
-0.858501,0.999966,0.246045,1,1,0,0.86071,0.576722
-3.22694,0.984141,0.246045,3,11,0,3.70268,2.78651
-3.19573,1,0.246045,1,1,0,3.22693,2.7596
-2.73096,0.999955,0.246045,2,5,0,3.43036,2.35617
-2.3583,0.857114,0.246045,2,7,1,3.70684,2.02806
-1.29871,0.75,0.246045,2,4,1,4.41597,1.04842
-1.05825,0.857123,0.246045,2,7,1,1.36033,0.802623
-0.91929,0.799899,0.246045,2,5,1,1.24371,0.648954
-0.816692,0.799893,0.246045,2,5,1,1.03566,0.524163
-0.680992,0.666667,0.246045,1,3,1,1.21519,0.311563
-0.827924,0.809058,0.246045,3,7,0,0.895488,0.538572
-0.72001,0.998919,0.246045,2,7,0,1.02078,0.38522
-0.664594,0.975049,0.246045,1,3,0,0.828267,0.269257
-0.784226,0.996427,0.246045,1,3,0,1.19158,0.481005
-1.00354,0.997147,0.246045,2,5,0,1.09077,0.743571
-1.55272,0.798729,0.246045,2,5,1,2.10587,1.29367
-1.73816,0.857011,0.246045,2,7,1,1.9747,1.4672
-1.21025,0.999954,0.246045,2,5,0,1.83309,0.960045
-0.739652,0.75,0.246045,2,4,1,1.75684,0.416592
-0.654135,1,0.246045,1,3,0,1.06258,0.22479
-0.734993,0.987509,0.246045,2,7,0,1.04427,0.409365
-0.693931,0.951509,0.246045,3,7,0,0.892879,0.338497
-1.02168,0.993107,0.246045,2,5,0,1.09248,0.763334
-0.925575,0.999775,0.246045,1,3,0,1.09979,0.656203
-0.825205,1,0.246045,3,7,0,0.928883,0.535106
-0.831456,0.999937,0.246045,1,1,0,0.832625,0.543057
-0.754345,0.99961,0.246045,2,5,0,0.909545,0.438679
-0.86243,0.997058,0.246045,3,7,0,1.02959,0.581523
-0.72643,0.99999,0.246045,3,7,0,0.869183,0.39575
-0.686197,0.995642,0.246045,2,5,0,0.761955,0.322835
-0.91689,0.993477,0.246045,2,7,0,1.08224,0.646175
-1.3271,0.99696,0.246045,2,7,0,1.63354,1.0764
-0.956243,0.999685,0.246045,2,7,0,1.55445,0.691101
-0.664484,0.998923,0.246045,2,7,0,1.2624,0.268917
-2.02038,0.968768,0.246045,4,15,0,2.02386,1.7254
-3.24053,0.999189,0.246045,3,9,0,3.51929,2.79822
-2.35305,0.888889,0.246045,3,9,1,3.3198,2.0234
-2.92993,0.999548,0.246045,2,7,0,3.35831,2.52955
-2.16657,0.888882,0.246045,3,9,1,3.15289,1.85705
-1.51913,0.999702,0.246045,2,7,0,2.8163,1.26181
-2.18135,0.799491,0.246045,2,5,0,2.86784,1.8703
-1.25941,0.833333,0.246045,2,6,1,2.65408,1.0094
-0.946349,0.666667,0.246045,1,3,1,2.26217,0.679925
-0.921305,0.999899,0.246045,2,3,0,0.976072,0.651281
-1.39368,0.995676,0.246045,2,7,0,1.816,1.14139
-1.23513,0.999794,0.246045,2,5,0,1.5811,0.985104
-1.01937,0.79987,0.246045,2,5,1,1.66788,0.760827
-0.845337,0.79982,0.246045,2,5,1,1.36076,0.560476
-1.0602,0.995873,0.246045,2,7,0,1.59127,0.804704
-1.2249,0.714115,0.246045,2,7,0,1.24141,0.974816
-0.671034,0.999598,0.246045,2,7,0,1.49662,0.287567
-0.80975,0.995536,0.246045,2,7,0,0.879976,0.515134
-0.791448,0.999984,0.246045,2,3,0,0.815497,0.490825
-0.670812,0.997639,0.246045,2,7,0,1.15654,0.286985
-1.08427,0.792771,0.246045,2,5,1,1.23827,0.8302
-0.745228,0.5,0.246045,1,2,1,2.64447,0.425093
-0.713504,0.9999,0.246045,1,3,0,0.758072,0.374221
-0.890579,0.9962,0.246045,2,5,0,0.964898,0.615351
-0.901996,0.999914,0.246045,1,1,0,0.902433,0.628813
-0.759245,0.714256,0.246045,2,7,0,0.930197,0.445834
-0.707989,0.749519,0.246045,2,4,1,0.954064,0.0944461
-0.707989,0,0.246045,0,1,1,1.58761,0.0944461
-1.13685,0.659439,0.246045,2,4,1,1.58627,0.885065
-1.14011,0.999988,0.246045,1,1,0,1.14406,0.888429
-1.39033,0.799342,0.246045,2,5,1,1.93763,1.13815
-1.8695,0.998857,0.246045,2,7,0,2.19709,1.58811
-1.93774,0.999905,0.246045,2,3,0,1.97148,1.6504
-0.667517,0.99997,0.246045,4,15,0,2.04909,0.277954
-0.99187,0.47871,0.246045,1,2,1,2.99328,0.730763
-1.09785,0.83308,0.246045,2,6,1,1.18778,0.844472
-1.26547,0.999842,0.246045,2,7,0,1.28191,1.01544
-0.96655,0.8,0.246045,2,5,1,1.39486,0.702664
-0.890437,0.999835,0.246045,1,3,0,1.01368,0.615183
-1.03127,0.799341,0.246045,2,5,1,1.23268,0.773698
-0.965226,0.999934,0.246045,1,3,0,1.05874,0.701183
-0.752844,0.999785,0.246045,2,7,0,1.05354,0.436467
-0.664496,0.5,0.246045,1,2,1,1.51358,0.143978
-0.664496,0,0.246045,0,1,1,2.81652,0.143978
-0.723751,0.478188,0.246045,1,2,1,1.30776,0.391391
-0.723751,0,0.246045,0,1,1,4.28282,0.391391
-0.808562,0.999634,0.246045,2,7,0,0.816182,0.513579
-0.808562,0,0.246045,0,1,1,3.47003,0.513579
-0.661003,0.5,0.246045,1,2,1,1.40255,0.257298
-0.687647,0.401369,0.246045,2,3,0,0.849131,0.111662
-0.687647,0,0.246045,0,1,1,1.77104,0.111662
-0.668309,1,0.246045,2,7,0,0.693704,0.280188
-0.660515,0.999981,0.246045,3,7,0,0.671319,0.255524
-0.653218,0.999675,0.246045,2,5,0,0.671071,0.217036
-0.70411,1,0.246045,2,3,0,0.955742,0.357645
-0.866605,0.997153,0.246045,3,7,0,0.893504,0.586603
-0.806466,0.5,0.246045,1,2,1,2.99129,0.0513483
-1.91428,0.485287,0.246045,3,8,1,2.88292,1.62902
-1.42618,0.999976,0.246045,2,5,0,1.97576,1.17283
-0.88106,0.5,0.246045,1,2,1,4.59793,0.604017
-0.832499,0.972788,0.246045,2,7,0,0.897923,0.544376
-0.769833,0.999739,0.246045,1,3,0,0.876932,0.460991
-1.26941,0.993775,0.246045,2,7,0,1.42155,1.01936
-0.96449,0.8,0.246045,2,5,1,1.40617,0.70036
-1.74177,0.746824,0.246045,2,4,1,2.95505,1.47054
-3.41906,0.832062,0.246045,2,6,1,5.25482,2.95173
-3.1647,0.999924,0.246045,2,7,0,3.81397,2.73283
-2.63853,0.999993,0.246045,2,5,0,3.21991,2.27524
-1.23411,0.999972,0.246045,3,11,0,2.81059,0.984082
-1.24851,0.999986,0.246045,2,3,0,1.24935,0.99851
-1.5262,0.999361,0.246045,3,7,0,1.57691,1.26853
-1.53391,0.999995,0.246045,2,3,0,1.53709,1.27585
-2.22204,0.998827,0.246045,2,7,0,2.41206,1.90671
-0.856364,0.875,0.246045,3,8,1,1.68564,0.0396727
-0.693563,1,0.246045,1,1,0,0.784739,0.106014
-0.693563,0,0.246045,0,1,1,0.895435,0.106014
-0.703063,0.99736,0.246045,1,1,0,0.708409,0.0981029
-0.674475,1,0.246045,1,1,0,0.696975,0.127234
-0.70484,0.997833,0.246045,2,3,0,0.704843,0.0967528
-0.688505,0.46505,0.246045,1,2,1,1.20618,0.32763
-0.756334,0.9973,0.246045,2,5,0,0.859581,0.441594
-0.672463,0.5,0.246045,1,2,1,1.61246,0.130138
-0.652424,0.993923,0.246045,2,3,0,0.732653,0.204588
-0.897063,0.985398,0.246045,2,7,0,0.978222,0.623013
-1.13607,0.665651,0.246045,1,3,1,1.74814,0.884249
-1.04161,0.857143,0.246045,2,7,1,1.1359,0.784834
-0.944241,0.999786,0.246045,1,3,0,1.11968,0.677533
-1.40893,0.831652,0.246045,2,6,1,1.80631,1.15617
-1.03962,0.999789,0.246045,2,7,0,1.61588,0.782694
-1.11405,0.857023,0.246045,2,7,1,1.14817,0.861401
-1.8591,0.887001,0.246045,3,9,1,2.14947,1.57859
-1.63794,0.999922,0.246045,3,7,0,2.01191,1.37388
-1.72217,0.999853,0.246045,1,3,0,1.7528,1.45237
-1.83953,0.999782,0.246045,1,3,0,1.91334,1.56064
-2.31139,0.999522,0.246045,2,5,0,2.35518,1.98637
-2.22001,0.99999,0.246045,1,3,0,2.34418,1.90489
-2.22721,0.999994,0.246045,1,1,0,2.23134,1.91133
-3.48932,0.85675,0.246045,2,7,1,4.36824,3.01197
-4.01245,0.909024,0.246045,3,11,1,4.31682,3.45811
-5.89132,0.899854,0.246045,3,10,1,6.75313,5.0364
-5.3321,0.928571,0.246045,3,14,1,5.94671,4.56956
-5.46534,0.999975,0.246045,1,3,0,5.54033,4.68097
-4.29833,0.916659,0.246045,3,12,1,6.1021,3.70035
-1.52732,0.999858,0.246045,3,15,0,5.61377,1.2696
-1.53499,0.999986,0.246045,1,1,0,1.53819,1.27687
-2.44731,0.9991,0.246045,3,11,0,2.87131,2.10689
-2.16964,0.85712,0.246045,2,7,1,2.97043,1.8598
-1.45684,0.8,0.246045,2,5,1,2.99433,1.20233
-1.00425,0.833333,0.246045,2,6,1,1.52581,0.744356
-0.747117,0.428652,0.246045,3,7,0,1.14799,0.427938
-0.652836,0.5,0.246045,1,2,1,1.26205,0.187902
-0.709665,0.456008,0.246045,2,3,0,1.00702,0.367556
-0.741532,0.744853,0.246045,2,4,1,1.38128,0.0748966
-0.892358,0.8353,0.246045,1,1,0,1.00893,0.0332707
-0.892358,0,0.246045,0,1,1,1.89033,0.0332707
-0.667342,1,0.246045,1,1,0,0.817282,0.138507
-0.667342,0,0.246045,0,1,1,1.81886,0.138507
-0.690659,0.485918,0.246045,1,2,1,1.04616,0.332008
-0.668295,0.998964,0.246045,3,7,0,0.716412,0.280149
-0.725755,0.99811,0.246045,2,7,0,0.757093,0.0831269
-0.725755,0,0.246045,0,1,1,1.27903,0.0831269
-0.794006,0.384834,0.246045,1,2,1,2.45979,0.494271
-0.664437,1,0.246045,1,3,0,1.24726,0.268768
-0.664437,0,0.246045,0,1,1,2.37012,0.268768
-0.842595,0.490244,0.246045,1,2,1,1.6235,0.55706
-0.909286,0.99919,0.246045,1,3,0,0.948356,0.637338
-0.759329,0.666667,0.246045,1,3,1,1.22146,0.445956
-0.655941,0.999629,0.246045,2,7,0,0.816152,0.23579
-0.652359,0.999657,0.246045,2,5,0,0.666084,0.20005
-0.652359,0.47572,0.246045,1,2,1,1.98897,0.20005
-0.959705,0.980149,0.246045,2,7,0,1.08868,0.694993
-1.34166,0.746966,0.246045,2,4,1,2.82742,1.09069
-0.696268,0.749691,0.246045,2,4,1,2.47694,0.343022
-0.97661,0.490108,0.246045,1,2,1,2.29166,0.71388
-0.705538,0.799866,0.246045,2,5,1,1.17197,0.360225
-0.652363,1,0.246045,1,3,0,0.931322,0.198903
-0.702471,0.997451,0.246045,2,7,0,0.702869,0.0985611
-0.702471,0,0.246045,0,1,1,1.12795,0.0985611
-0.655594,0.998362,0.246045,3,7,0,0.722097,0.23392
-0.652584,0.999849,0.246045,1,3,0,0.66014,0.208596
-0.725778,0.99517,0.246045,2,7,0,0.7758,0.394692
-1.46499,0.733069,0.246045,2,4,1,2.86778,1.21014
-1.71081,0.874513,0.246045,3,8,1,2.16938,1.44183
-2.01182,0.999644,0.246045,4,15,0,2.33597,1.71765
-1.91502,1,0.246045,3,7,0,2.01231,1.6297
-1.10101,0.75,0.246045,2,4,1,3.15846,0.847782
-0.947882,0.799896,0.246045,2,5,1,1.32218,0.681661
-0.747095,0.998126,0.246045,2,7,0,1.52574,0.427905
-0.747937,0.999987,0.246045,1,1,0,0.750125,0.429168
-1.10842,1,0.246045,1,1,0,1.1107,0.0126455
-1.07208,0.586586,0.246045,3,7,0,1.25059,0.817318
-1.08787,0.999932,0.246045,1,1,0,1.08819,0.833992
-0.855614,0.8,0.246045,2,5,1,1.16753,0.57318
-1.25877,0.997016,0.246045,2,5,0,1.32296,1.00876
-0.822085,1,0.246045,1,3,0,3.46216,0.531112
-0.80917,0.99315,0.246045,3,7,0,0.892377,0.0506084
-0.715081,1,0.246045,1,1,0,0.775247,0.0896121
-0.715081,0.475814,0.246045,1,2,1,0.956061,0.0896121
-0.715081,0,0.246045,0,1,1,2.93727,0.0896121
-0.755883,0.981262,0.246045,1,1,0,0.76885,0.0684885
-0.755883,0,0.246045,0,1,1,1.89768,0.0684885
-0.829881,0.865429,0.246045,2,7,0,1.29142,0.54106
-2.25378,0.867834,0.246045,3,8,1,2.32267,1.93505
-1.5575,0.999708,0.246045,3,11,0,3.01669,1.2982
-1.65343,0.999795,0.246045,1,3,0,1.69919,1.38837
-1.74145,0.999845,0.246045,1,3,0,1.77602,1.47024
-1.28107,0.999764,0.246045,2,7,0,2.05036,1.03095
-1.0268,0.999926,0.246045,2,5,0,1.35706,0.768871
-0.82682,0.749712,0.246045,2,4,1,1.49792,0.537167
-0.666698,1,0.246045,3,7,0,0.82203,0.27559
-0.656859,0.999157,0.246045,3,7,0,0.709834,0.240384
-0.656859,0,0.246045,0,1,1,2.37485,0.240384
-0.68438,0.998133,0.246045,2,5,0,0.733663,0.318975
-0.664643,0.5,0.246045,1,2,1,0.953134,0.143678
-0.660806,0.989498,0.246045,1,3,0,0.782611,0.256588
-0.695341,0.999055,0.246045,3,7,0,0.703524,0.341237
-0.657739,0.999953,0.246045,2,5,0,0.701146,0.244408
-0.657739,0,0.246045,0,1,1,1.31804,0.244408
-0.657739,0,0.246045,0,1,1,1.70615,0.244408
-1.02197,0.973827,0.246045,2,7,0,1.54273,0.763646
-1.01767,1,0.246045,2,3,0,1.02498,0.758981
-0.774494,0.8,0.246045,2,5,1,1.13133,0.467542
-0.672413,0.99804,0.246045,2,7,0,1.04203,0.29114
-0.689864,0.999282,0.246045,1,3,0,0.698152,0.330402
-0.81528,0.746515,0.246045,2,4,1,1.14037,0.522335
-1.19693,0.83179,0.246045,2,6,1,1.25718,0.946555
-1.554,0.998722,0.246045,2,5,0,1.7233,1.29489
-1.55464,0.999999,0.246045,1,1,0,1.56083,1.29549
-1.93416,0.888581,0.246045,3,9,1,2.10211,1.64713
-1.72235,0.999814,0.246045,2,7,0,2.24068,1.45254
-1.49361,0.999986,0.246045,2,5,0,1.75754,1.23751
-2.1533,0.998591,0.246045,3,9,0,2.83807,1.84516
-0.984694,0.8,0.246045,2,5,1,3.1022,0.722842
-0.652686,0.999596,0.246045,2,7,0,1.11818,0.189956
-0.652686,0,0.246045,0,1,1,1.25374,0.189956
-0.663427,0.995954,0.246045,1,3,0,0.713701,0.265556
-0.663427,0,0.246045,0,1,1,1.49747,0.265556
-0.663427,0,0.246045,0,1,1,2.63306,0.265556
-0.748319,0.992237,0.246045,2,7,0,0.985582,0.42974
-0.787164,0.9993,0.246045,1,3,0,0.802821,0.485017
-0.921239,0.997166,0.246045,2,7,0,1.15027,0.651206
-1.60031,0.796097,0.246045,2,5,1,2.53851,1.33857
-1.51161,0.999969,0.246045,1,3,0,1.63774,1.25466
-1.51819,0.999988,0.246045,1,1,0,1.52176,1.26092
-0.903055,1,0.246045,2,5,0,1.72151,0.630054
-0.837231,0.999836,0.246045,1,3,0,0.940877,0.550341
-1.45659,0.994317,0.246045,2,7,0,1.689,1.20208
-1.86752,0.856788,0.246045,2,7,1,2.08314,1.5863
-1.82729,0.999997,0.246045,2,3,0,1.87877,1.54941
-1.85132,0.99999,0.246045,2,3,0,1.85144,1.57146
-3.27972,0.888098,0.246045,3,9,1,3.74511,2.83197
-2.11138,0.999986,0.246045,4,15,0,3.45913,1.80749
-2.79215,0.999134,0.246045,2,7,0,3.45279,2.40961
-2.31498,0.999936,0.246045,2,5,0,3.05605,1.98957
-2.07673,0.857122,0.246045,2,7,1,2.69075,1.77629
-1.61299,0.857122,0.246045,2,7,1,2.35658,1.35049
-1.01156,0.833333,0.246045,2,6,1,1.7826,0.752334
-0.719222,0.999927,0.246045,2,5,0,1.04777,0.383907
-0.654909,0.997098,0.246045,3,7,0,0.753365,0.229937
-1.67883,0.835643,0.246045,3,8,1,2.11697,1.41208
-4.24152,0.89816,0.246045,3,10,1,4.42221,3.65229
-4.26373,0.999995,0.246045,1,1,0,4.26455,3.67108
-2.92188,0.999973,0.246045,3,9,0,4.60218,2.52256
-1.88915,0.8,0.246045,2,5,1,4.68296,1.60608
-1.83277,1,0.246045,2,3,0,1.89587,1.55444
-2.35977,0.999453,0.246045,2,5,0,2.42871,2.02936
-1.97713,0.857143,0.246045,2,7,1,2.51234,1.6862
-1.87504,0.999972,0.246045,1,3,0,2.02577,1.59318
-1.64933,0.999765,0.246045,2,7,0,2.2351,1.38454
-1.66108,0.999994,0.246045,2,3,0,1.66317,1.39552
-1.27098,0.99985,0.246045,2,5,0,1.86445,1.02093
-1.37783,0.947291,0.246045,2,7,0,1.37808,1.126
-1.11664,0.79987,0.246045,2,5,1,1.98451,0.8641
-0.86143,0.833333,0.246045,2,6,1,1.12372,0.580303
-0.714422,0.999931,0.246045,3,7,0,0.891245,0.375796
-0.708009,1,0.246045,3,7,0,0.714349,0.364636
-0.739249,0.99968,0.246045,3,7,0,0.748102,0.415972
-1.30686,0.795122,0.246045,2,5,1,1.53658,1.05647
-1.55825,0.999495,0.246045,2,5,0,1.61446,1.2989
-0.6994,0.75,0.246045,2,4,1,2.19002,0.348961
-2.36208,0.969576,0.246045,3,9,0,2.83878,2.03141
-2.39016,0.99998,0.246045,1,1,0,2.39018,2.05631
-2.39749,0.999998,0.246045,2,3,0,2.40169,2.0628
-4.68149,0.908243,0.246045,3,11,1,5.38059,4.02363
-4.66911,1,0.246045,1,1,0,4.68468,4.01321
-2.36927,0.9,0.246045,3,10,1,4.95904,2.03779
-0.979187,0.875,0.246045,3,8,1,2.41004,0.716742
-1.06776,0.999323,0.246045,1,3,0,1.12668,0.812741
-0.920214,0.999486,0.246045,2,7,0,1.27936,0.650021
-0.946542,0.999714,0.246045,2,3,0,0.975879,0.680143
-1.79419,0.995205,0.246045,4,15,0,2.25353,1.51896
-1.77992,1,0.246045,1,1,0,1.79575,1.5058
-3.44522,0.887565,0.246045,3,9,1,4.17063,2.97417
-3.77254,0.999786,0.246045,2,7,0,4.45749,3.25401
-2.2435,0.999986,0.246045,3,11,0,3.9534,1.92588
-1.78692,1,0.246045,3,7,0,2.24297,1.51226
-1.37353,0.857143,0.246045,2,7,1,1.81865,1.12181
-1.36945,1,0.246045,3,7,0,1.37779,1.11784
-1.35088,1,0.246045,1,1,0,1.36976,1.09972
-1.09489,0.999242,0.246045,2,7,0,1.9401,0.841372
-0.710026,0.8,0.246045,2,5,1,1.18423,0.368188
-0.656512,0.99928,0.246045,2,5,0,0.770767,0.165726
-0.663724,0.993427,0.246045,2,7,0,0.757671,0.266513
-0.726317,0.509847,0.246045,3,7,0,0.867542,0.395567
-0.855281,0.721254,0.246045,2,7,0,0.884512,0.57277
-0.653978,0.899904,0.246045,3,7,0,0.911644,0.178099
-0.754054,0.998565,0.246045,2,3,0,0.782842,0.0692572
-0.77895,0.982699,0.246045,1,1,0,0.816034,0.0597957
-0.77895,0,0.246045,0,1,1,1.33548,0.0597957
-0.77895,0,0.246045,0,1,1,1.21496,0.0597957
-1.34543,0.762377,0.246045,3,15,1,1.4527,1.09438
-2.77,0.873127,0.246045,3,8,1,3.28604,2.39028
-2.07891,1,0.246045,4,15,0,2.77058,1.77826
-2.77567,0.833121,0.246045,2,6,1,3.47668,2.39523
-2.1538,0.999849,0.246045,2,7,0,3.30326,1.8456
-1.41505,0.857143,0.246045,2,7,1,2.39725,1.16209
-1.29493,0.857121,0.246045,2,7,1,1.50823,1.04469
-1.38925,0.999679,0.246045,1,3,0,1.43955,1.1371
-0.948925,0.999557,0.246045,2,7,0,1.73515,0.682841
-1.35522,0.79901,0.246045,2,5,1,1.64406,1.10396
-1.45708,0.999681,0.246045,1,3,0,1.51643,1.20255
-1.07096,0.874991,0.246045,3,8,1,1.49067,0.816131
-0.985216,0.999862,0.246045,1,3,0,1.12422,0.723419
-0.765765,0.999792,0.246045,2,7,0,1.07599,0.455215
-0.750462,0.999851,0.246045,2,3,0,0.785179,0.432936
-0.680052,0.994262,0.246045,1,3,0,0.872266,0.30945
-0.680052,0,0.246045,0,1,1,2.24109,0.30945
-0.662582,0.99959,0.246045,2,7,0,0.693471,0.262773
-0.843696,0.794978,0.246045,2,5,1,0.982587,0.558432
-1.00238,0.997393,0.246045,2,7,0,1.28639,0.742303
-1.37356,0.760479,0.246045,2,7,0,1.40737,1.12185
-1.54428,0.857154,0.246045,2,7,0,1.75261,1.28569
-2.91295,0.998024,0.246045,3,9,0,3.34977,2.5148
-3.30268,0.999807,0.246045,2,5,0,3.44339,2.85173
-2.29651,0.999981,0.246045,4,15,0,3.53172,1.97313
-2.37833,0.999954,0.246045,2,3,0,2.38113,2.04583
-1.25686,0.888889,0.246045,3,9,1,2.37904,1.00685
-1.9022,0.9979,0.246045,3,9,0,2.6024,1.618
-1.92853,0.99999,0.246045,2,3,0,1.92855,1.642
-1.93781,0.99999,0.246045,1,1,0,1.94095,1.65046
-2.04753,0.999849,0.246045,1,3,0,2.10589,1.74994
-1.817,1,0.246045,3,7,0,2.04781,1.53995
-2.77917,0.998273,0.246045,3,11,0,4.30019,2.39829
-0.997555,0.874933,0.246045,3,8,1,3.81086,0.737015
-0.781875,0.666667,0.246045,1,3,1,1.60094,0.477778
-1.03983,0.664326,0.246045,1,3,1,1.90292,0.782918
-1.32075,0.998954,0.246045,3,7,0,1.36051,1.07016
-0.898099,0.833333,0.246045,2,6,1,1.38586,0.624233
-0.857779,0.999934,0.246045,2,3,0,0.918274,0.575837
-0.654138,0.5,0.246045,1,2,1,2.00184,0.224818
-0.654138,0,0.246045,0,1,1,2.36857,0.224818
-0.671646,0.994968,0.246045,1,3,0,0.737405,0.131371
-0.961066,0.71772,0.246045,2,4,1,1.1566,0.696522
-2.6154,0.792371,0.246045,2,5,1,4.71535,2.25494
-1.31283,0.833333,0.246045,2,6,1,3.70734,1.06236
-3.35086,0.886371,0.246045,3,9,1,3.57739,2.89316
-4.98656,0.916466,0.246045,3,12,1,5.03245,4.28004
-3.84269,0.909091,0.246045,3,11,1,5.17044,3.31377
-5.54296,0.999627,0.246045,3,15,0,6.19816,4.74582
-5.88395,0.923049,0.246045,3,13,1,6.59057,5.03026
-5.91194,0.999993,0.246045,2,3,0,5.97411,5.05358
-4.278,0.999991,0.246045,3,15,0,6.4857,3.68316
-3.19607,0.999961,0.246045,4,15,0,4.79639,2.7599
-3.18833,1,0.246045,1,1,0,3.2005,2.75322
-3.14068,0.999987,0.246045,3,7,0,3.29106,2.71209
-1.67921,0.999999,0.246045,4,15,0,3.1679,1.41243
-1.60353,0.999985,0.246045,2,3,0,1.70749,1.34159
-1.32287,0.975022,0.246045,2,5,0,2.24502,1.07225
-1.3301,0.999982,0.246045,1,1,0,1.33306,1.07935
-1.12751,0.833333,0.246045,2,6,1,1.36185,0.875391
-0.877677,0.833289,0.246045,2,6,1,1.22004,0.599965
-0.877677,0,0.246045,0,1,1,4.98006,0.599965
-1.10372,0.665648,0.246045,1,3,1,1.66402,0.850621
-0.660453,0.749531,0.246045,2,4,1,2.03462,0.153329
-1.03518,0.719248,0.246045,2,4,1,1.28028,0.777918
-1.0038,0.999993,0.246045,2,3,0,1.04242,0.743857
-1.55854,0.930016,0.246045,2,7,0,2.12432,1.29918
-1.96232,0.999219,0.246045,2,5,0,2.16076,1.67275
-1.97593,0.999979,0.246045,3,7,0,2.03315,1.68511
-1.99377,0.999981,0.246045,2,3,0,2.0139,1.70129
-2.07783,0.999906,0.246045,2,3,0,2.1071,1.77728
-2.35362,0.857028,0.246045,2,7,1,2.87535,2.0239
-2.28588,0.999988,0.246045,2,3,0,2.39052,1.96367
-3.14214,0.999237,0.246045,3,11,0,4.25058,2.71334
-1.99106,0.999996,0.246045,3,9,0,3.1925,1.69883
-1.59584,0.888856,0.246045,3,9,1,2.17539,1.33436
-1.57248,1,0.246045,2,3,0,1.59588,1.31235
-1.56701,1,0.246045,1,1,0,1.57656,1.30718
-0.890854,0.933333,0.246045,3,15,1,1.56626,0.615677
-1.68104,0.486506,0.246045,1,2,1,8.10663,1.41413
-1.79738,0.999772,0.246045,1,3,0,1.87047,1.5219
-1.52225,0.833277,0.246045,2,6,1,2.37404,1.26478
-1.34354,0.999875,0.246045,3,7,0,1.67652,1.09253
-1.15825,0.999616,0.246045,2,7,0,1.62344,0.907094
-0.661408,0.5,0.246045,1,2,1,5.26873,0.258741
-0.661408,0,0.246045,0,1,1,1.83632,0.258741
-0.736952,0.997451,0.246045,2,5,0,0.763248,0.412418
-0.654973,0.997311,0.246045,2,7,0,1.02622,0.230332
-0.662223,0.999564,0.246045,2,5,0,0.671143,0.148952
-0.662223,0,0.246045,0,1,1,2.49195,0.148952
-0.702236,0.942387,0.246045,3,7,0,0.936763,0.354224
-0.702236,0,0.246045,0,1,1,2.60021,0.354224
-0.652612,0.998524,0.246045,2,7,0,0.726425,0.209127
-0.836216,0.94535,0.246045,2,3,0,0.913519,0.0439269
-0.675288,1,0.246045,2,3,0,0.781045,0.126109
-0.693559,0.996202,0.246045,1,1,0,0.693908,0.106018
-0.693559,0,0.246045,0,1,1,1.06415,0.106018
-0.693559,0,0.246045,0,1,1,1.05441,0.106018
-0.693559,0,0.246045,0,1,1,1.20218,0.106018
-0.693559,0,0.246045,0,1,1,1.06827,0.106018
-0.654944,0.999943,0.246045,2,7,0,0.700732,0.230154
-0.693164,0.998411,0.246045,2,5,0,0.704418,0.336992
-0.656042,0.999577,0.246045,2,5,0,0.700379,0.236321
-0.656042,0,0.246045,0,1,1,3.65692,0.236321
-0.656042,0,0.246045,0,1,1,1.80566,0.236321
-1.13092,0.976747,0.246045,2,7,0,1.38076,0.878925
-0.837263,0.833271,0.246045,2,6,1,1.28416,0.550382
-0.720315,0.999419,0.246045,2,7,0,0.917551,0.086325
-0.656438,1,0.246045,2,3,0,0.725051,0.166014
-0.656438,0,0.246045,0,1,1,1.41662,0.166014
-0.771587,0.982012,0.246045,2,7,0,0.928681,0.463464
-0.723383,0.999731,0.246045,1,3,0,0.804453,0.390789
-1.0819,1,0.246045,1,1,0,1.08217,0.0141683
-0.6686,0.67946,0.246045,2,3,0,0.866462,0.136298
-0.669015,0.995877,0.246045,3,7,0,0.733857,0.282146
-0.735802,0.997979,0.246045,2,7,0,0.765362,0.0777246
-0.685221,1,0.246045,1,1,0,0.721756,0.114179
-0.678066,0.48166,0.246045,1,2,1,1.0288,0.304896
-0.812366,0.663784,0.246045,1,3,1,1.22404,0.518549
-1.07345,0.996961,0.246045,2,5,0,1.19749,0.818769
-1.39116,0.798819,0.246045,2,5,1,2.33343,1.13895
-0.932588,0.999934,0.246045,2,5,0,1.4717,0.664252
-0.869399,0.999887,0.246045,1,3,0,0.963285,0.589989
-0.703115,0.903007,0.246045,2,7,0,0.871844,0.355834
-0.672309,0.999794,0.246045,2,5,0,0.722604,0.130367
-0.684059,0.997791,0.246045,1,1,0,0.684496,0.115432
-0.684059,0,0.246045,0,1,1,1.64288,0.115432
-0.797916,0.957714,0.246045,1,1,0,0.801186,0.0537866
-0.791128,1,0.246045,1,1,0,0.855092,0.0558364
-0.680007,1,0.246045,3,7,0,0.764225,0.309348
-0.726272,0.998102,0.246045,2,7,0,0.781054,0.0828336
-0.678166,1,0.246045,2,7,0,0.725977,0.305129
-0.690262,0.999513,0.246045,2,3,0,0.698193,0.331208
-0.725124,0.999571,0.246045,3,7,0,0.730401,0.39363
-1.38695,0.86587,0.246045,3,8,1,1.73078,1.13487
-0.767521,0.74736,0.246045,2,4,1,5.93353,0.457715
-0.977417,0.997426,0.246045,2,7,0,1.06076,0.714777
-0.732755,0.999637,0.246045,2,7,0,1.11347,0.40585
-1.81573,0.986679,0.246045,4,15,0,2.02571,1.53879
-2.24422,0.999404,0.246045,2,5,0,2.46081,1.92652
-1.87111,0.999942,0.246045,2,5,0,2.38971,1.58958
-1.38344,0.999974,0.246045,2,5,0,1.9341,1.13145
-1.79834,0.999651,0.246045,4,15,0,1.82283,1.52278
-1.45489,1,0.246045,3,7,0,1.80204,1.20045
-1.26113,0.999667,0.246045,2,7,0,1.7469,1.01112
-0.874834,0.833333,0.246045,2,6,1,1.31106,0.596548
-0.864254,1,0.246045,1,1,0,0.875204,0.583745
-0.686669,0.999496,0.246045,2,7,0,0.953556,0.112661
-0.721991,0.989985,0.246045,1,1,0,0.723478,0.0853177
-1.08622,0.655983,0.246045,2,4,1,1.48159,0.832253
-0.690681,0.999789,0.246045,2,7,0,1.19434,0.332051
-0.693455,0.999928,0.246045,1,1,0,0.693887,0.337564
-0.681597,1,0.246045,2,3,0,0.694498,0.312909
-0.804333,0.985306,0.246045,2,7,0,0.806754,0.50802
-1.06065,0.798968,0.246045,2,5,1,1.18181,0.805185
-0.783048,0.999656,0.246045,2,5,0,1.21339,0.47939
-0.698206,0.999785,0.246045,2,5,0,0.923989,0.346713
-0.700405,1,0.246045,3,7,0,0.751808,0.350838
-0.678317,0.999853,0.246045,1,3,0,0.711288,0.305479
-0.757217,0.728293,0.246045,1,3,0,0.915633,0.442884
-1.05685,0.79716,0.246045,2,5,1,1.25921,0.801138
-1.83771,0.996434,0.246045,2,7,0,2.17917,1.55898
-1.14066,0.833333,0.246045,2,6,1,2.07271,0.889
-1.0308,0.99983,0.246045,2,5,0,1.23348,0.7732
-1.56813,0.832311,0.246045,2,6,1,1.68876,1.30824
-0.833492,0.999726,0.246045,2,7,0,1.92043,0.545631
-3.52011,0.847617,0.246045,3,8,1,6.39779,3.03835
-3.96896,0.999887,0.246045,3,7,0,4.00811,3.42116
-5.25254,0.999808,0.246045,4,15,0,5.33389,4.50298
-4.00386,0.999999,0.246045,3,9,0,5.30759,3.45081
-4.5687,0.999885,0.246045,3,9,0,4.93137,3.92862
-3.9058,0.999954,0.246045,3,9,0,5.11439,3.36747
-4.32696,0.999881,0.246045,2,5,0,4.49089,3.72456
-4.45594,0.999964,0.246045,1,3,0,4.52704,3.8335
-5.03627,0.999852,0.246045,2,7,0,5.41868,4.32175
-4.46382,0.999973,0.246045,2,7,0,5.40518,3.84016
-4.49201,0.999994,0.246045,1,1,0,4.49217,3.86395
-4.56802,0.999995,0.246045,3,7,0,4.57379,3.92804
-2.52157,0.909056,0.246045,3,11,1,5.73179,2.17243
-2.05843,0.888863,0.246045,3,9,1,2.77494,1.75978
-1.57403,0.999862,0.246045,2,7,0,2.37464,1.31381
-1.33689,0.857143,0.246045,2,7,1,1.61868,1.08601
-1.35842,0.999948,0.246045,1,1,0,1.3585,1.10708
-1.37573,0.99996,0.246045,2,3,0,1.39246,1.12395
-0.980242,0.666667,0.246045,1,3,1,2.93883,0.717912
-1.4628,0.997668,0.246045,2,5,0,1.55409,1.20804
-1.54378,0.999874,0.246045,2,3,0,1.54497,1.28521
-1.96241,0.833118,0.246045,2,6,1,2.18193,1.67283
-1.58438,0.999992,0.246045,3,7,0,1.99808,1.32357
-1.36076,0.999638,0.246045,2,7,0,1.96944,1.10937
-2.77728,0.795955,0.246045,2,5,1,6.5305,2.39664
-4.50824,0.999283,0.246045,4,15,0,4.81528,3.87764
-3.32247,0.909077,0.246045,3,11,1,5.19994,2.86875
-1.86894,1,0.246045,4,15,0,3.32135,1.5876
-1.47757,0.999901,0.246045,2,7,0,2.05599,1.22219
-1.96833,0.856711,0.246045,2,7,1,2.30571,1.67821
-2.061,0.999924,0.246045,2,3,0,2.06199,1.7621
-2.19881,0.999817,0.246045,1,3,0,2.30158,1.88593
-1.49976,0.857143,0.246045,2,7,1,2.39927,1.24337
-2.26542,0.874476,0.246045,3,8,1,2.32144,1.94543
-2.03893,0.857123,0.246045,2,7,0,2.60225,1.74217
-1.22856,0.749442,0.246045,2,4,1,7.87774,0.978503
-1.3603,0.85699,0.246045,2,7,1,1.48227,1.10892
-1.16076,0.99999,0.246045,2,7,0,1.38902,0.909673
-0.65274,0.749597,0.246045,2,4,1,2.12167,0.211236
-0.652935,0.998258,0.246045,3,7,0,0.69707,0.213883
-0.913066,0.733528,0.246045,2,4,1,1.25304,0.641738
-0.783214,0.999271,0.246045,2,7,0,1.01097,0.0583655
-0.783214,0,0.246045,0,1,1,2.24103,0.0583655
-0.655253,0.662591,0.246045,2,3,0,0.964239,0.231991
-0.652546,0.99986,0.246045,1,3,0,0.659402,0.207819
-0.652546,0,0.246045,0,1,1,2.50364,0.207819
-0.706659,0.996991,0.246045,1,3,0,0.921351,0.362234
-0.712224,0.999879,0.246045,1,1,0,0.712369,0.372014
-1.03159,0.985535,0.246045,4,15,0,1.92057,0.774042
-1.02281,1,0.246045,1,1,0,1.03311,0.764553
-0.771588,0.988123,0.246045,2,7,0,1.14717,0.463465
-0.745649,0.999402,0.246045,2,7,0,0.833433,0.0729654
-0.804899,0.955771,0.246045,1,1,0,0.846314,0.0517839
-0.670259,0.4235,0.246045,1,2,1,1.21408,0.285516
-0.759191,0.5,0.246045,1,2,1,1.03689,0.067131
-0.707009,1,0.246045,2,3,0,0.74578,0.0951526
-0.654754,1,0.246045,2,3,0,0.702878,0.173581
-0.663278,0.994949,0.246045,1,3,0,0.73969,0.265071
-1.01794,0.987066,0.246045,2,7,0,1.13799,0.759271
-0.836258,0.999803,0.246045,2,5,0,1.39778,0.549118
-0.657765,0.5,0.246045,1,2,1,2.21589,0.161241
-0.657765,0,0.246045,0,1,1,1.38816,0.161241
-0.660276,0.999643,0.246045,2,5,0,0.664948,0.254639
-0.660276,0,0.246045,0,1,1,1.44407,0.254639
-0.764787,0.995956,0.246045,3,7,0,1.1692,0.453817
-0.657683,0.970367,0.246045,2,5,0,0.82047,0.244161
-0.668401,0.999254,0.246045,1,3,0,0.676785,0.280446
-0.798774,0.800501,0.246045,1,3,0,1.2402,0.500649
-0.878228,0.998554,0.246045,3,7,0,1.00124,0.600626
-1.11967,0.66553,0.246045,1,3,1,1.76034,0.867246
-1.53396,0.665502,0.246045,1,3,1,3.11866,1.2759
-1.69358,0.857031,0.246045,2,7,1,1.86113,1.42581
-1.67194,1,0.246045,3,7,0,1.6938,1.40565
-2.32425,0.856667,0.246045,2,7,1,2.9646,1.99781
-1.6636,0.999738,0.246045,2,7,0,2.984,1.39787
-4.45194,0.99686,0.246045,3,11,0,4.71572,3.83014
-1.13563,0.999958,0.246045,3,15,0,5.01617,0.883803
-0.979463,0.833333,0.246045,2,6,1,1.151,0.717047
-0.916971,0.999926,0.246045,1,3,0,1.00566,0.646269
-1.13474,0.996982,0.246045,2,7,0,1.62709,0.882879
-1.04447,0.999876,0.246045,1,3,0,1.19071,0.787901
-1.24777,0.998277,0.246045,2,7,0,1.62175,0.997766
-1.16037,0.999924,0.246045,1,3,0,1.29315,0.909275
-0.955047,0.799853,0.246045,2,5,1,1.57463,0.689753
-0.678398,0.5,0.246045,1,2,1,2.34693,0.305665
-0.899627,0.746527,0.246045,2,4,1,1.06301,0.626031
-1.2657,0.931395,0.246045,3,15,1,1.50499,1.01567
-1.53386,0.999404,0.246045,3,7,0,1.58783,1.27581
-1.00272,0.999497,0.246045,2,7,0,2.04344,0.742682
-0.717984,0.865354,0.246045,2,5,0,1.0361,0.381832
-0.660872,0.999903,0.246045,2,5,0,0.73038,0.256829
-1.02775,1,0.246045,1,1,0,1.06212,0.017929
-0.679031,0.614355,0.246045,1,1,0,1.51535,0.307124
-0.959401,0.988882,0.246045,2,7,0,1.218,0.694652
-0.73673,0.666667,0.246045,1,3,1,1.68767,0.412073
-0.662559,0.666667,0.246045,1,3,1,0.925018,0.262694
-0.662559,0,0.246045,0,1,1,1.68251,0.262694
-0.720771,0.662464,0.246045,3,7,0,0.85014,0.386483
-0.720771,0,0.246045,0,1,1,3.07113,0.386483
-1.13115,0.796212,0.246045,2,5,1,1.23938,0.879164
-0.907446,0.857143,0.246045,2,7,1,1.13211,0.635191
-0.766709,0.724659,0.246045,2,7,0,0.93307,0.45656
-1.01958,0.664109,0.246045,1,3,1,1.88005,0.761057
-0.784768,0.999785,0.246045,2,7,0,1.12009,0.481748
-1.89375,0.881049,0.246045,3,9,1,2.00707,1.61028
-2.62183,0.998529,0.246045,4,15,0,3.81041,2.26059
-4.06034,0.856813,0.246045,2,7,1,5.23699,3.49875
-3.35598,0.999986,0.246045,2,7,0,4.21045,2.89756
-2.9079,1,0.246045,3,7,0,3.35718,2.51041
-2.4395,0.999944,0.246045,2,5,0,3.15519,2.09999
-2.86989,0.88858,0.246045,3,9,1,4.19021,2.47735
-2.81325,0.999985,0.246045,3,7,0,2.96647,2.42802
-2.79086,1,0.246045,1,1,0,2.81379,2.40849
-1.99369,0.999964,0.246045,3,9,0,3.05252,1.70122
-3.67427,0.997699,0.246045,3,15,0,5.46888,3.17017
-3.62251,0.999999,0.246045,2,3,0,3.68554,3.12596
-3.73568,0.999973,0.246045,2,3,0,3.7361,3.22258
-3.99483,0.999875,0.246045,2,7,0,4.39553,3.44314
-2.59584,0.999971,0.246045,3,11,0,4.39179,2.23777
-2.569,0.999978,0.246045,3,7,0,2.70398,2.21418
-2.95355,0.999754,0.246045,2,5,0,3.09423,2.55006
-0.776944,0.999936,0.246045,3,11,0,3.32095,0.470957
-0.782855,0.999924,0.246045,1,1,0,0.783684,0.479126
-0.654194,0.5,0.246045,1,2,1,1.36452,0.225214
-0.654194,0.520088,0.246045,1,1,0,1.12822,0.225214
-0.662466,0.999205,0.246045,1,3,0,0.672294,0.262382
-0.659153,0.999998,0.246045,3,7,0,0.662981,0.250317
-1.01999,0.559252,0.246045,2,3,0,1.41562,0.0185518
-1.1162,0.533928,0.246045,4,15,0,1.66264,0.863645
-1.325,0.799468,0.246045,2,5,1,1.70066,1.07434
-0.80316,0.999821,0.246045,2,7,0,1.4767,0.50647
-0.686832,0.999575,0.246045,2,7,0,0.861804,0.112493
-0.691537,0.731352,0.246045,2,3,0,1.63523,0.333767
-0.782752,0.691081,0.246045,1,3,0,0.959467,0.478984
-0.791344,0.999893,0.246045,1,1,0,0.791673,0.490684
-0.654362,0.5,0.246045,1,2,1,1.69267,0.175745
-1.07581,0.548263,0.246045,1,1,0,1.54853,0.0145446
-0.690546,0.555841,0.246045,1,1,0,1.69412,0.33178
-0.654627,0.999806,0.246045,2,7,0,0.688895,0.22816
-0.665051,0.997515,0.246045,1,3,0,0.723338,0.142853
-0.701054,0.995774,0.246045,2,5,0,0.720457,0.352043
-0.671257,0.999614,0.246045,1,3,0,0.728166,0.288153
-0.705899,0.5,0.246045,1,2,1,0.983077,0.0959648
-0.883601,0.861213,0.246045,1,1,0,0.947813,0.0347046
-0.883601,0,0.246045,0,1,1,1.26563,0.0347046
-0.715665,1,0.246045,1,1,0,0.803915,0.0892347
-0.772474,0.971522,0.246045,1,1,0,0.787572,0.0620653
-0.970425,0.64147,0.246045,1,1,0,1.33171,0.023145
-0.688676,0.813816,0.246045,2,3,0,0.820986,0.110633
-0.688676,0,0.246045,0,1,1,1.91933,0.110633
-0.66854,0.994448,0.246045,2,3,0,0.723876,0.136402
-1.05852,0.916296,0.246045,4,15,0,1.80674,0.802914
-0.761311,0.799895,0.246045,2,5,1,1.2498,0.448823
-0.878131,0.798913,0.246045,2,5,1,1.06607,0.60051
-0.666826,0.749574,0.246045,2,4,1,1.24409,0.139448
-0.666826,0,0.246045,0,1,1,1.85328,0.139448
-1.02244,0.714601,0.246045,2,4,1,1.27039,0.76416
-1.0682,0.999715,0.246045,2,3,0,1.0949,0.813209
-1.29289,0.833063,0.246045,2,6,1,1.34291,1.04267
-2.71902,0.887121,0.246045,3,9,1,2.75737,2.34574
-0.865254,0.888851,0.246045,3,9,1,3.23926,0.584962
-0.654353,0.925888,0.246045,2,5,0,0.904687,0.226331
-0.892963,0.476334,0.246045,1,2,1,2.38054,0.618173
-1.09614,0.798873,0.246045,2,5,1,1.53577,0.84268
-0.659076,0.75,0.246045,2,4,1,1.3537,0.157152
-0.659076,0,0.246045,0,1,1,1.30025,0.157152
-0.657116,1,0.246045,1,1,0,0.658883,0.163482
-0.657116,0,0.246045,0,1,1,0.995274,0.163482
-0.667074,0.999056,0.246045,2,5,0,0.672147,0.276681
-0.695233,0.5,0.246045,1,2,1,0.92285,0.10453
-0.674452,1,0.246045,2,3,0,0.691095,0.127266
-0.677836,0.999372,0.246045,1,1,0,0.67988,0.122754
-0.751299,0.980288,0.246045,1,1,0,0.751315,0.0704396
-0.751299,0,0.246045,0,1,1,1.2269,0.0704396
-0.652398,0.917694,0.246045,2,3,0,0.841242,0.203546
-0.652398,0,0.246045,0,1,1,1.7669,0.203546
-0.770551,0.48685,0.246045,1,2,1,1.39934,0.462005
-0.830106,0.997393,0.246045,2,7,0,0.974161,0.0453307
-0.830106,0,0.246045,0,1,1,2.3369,0.0453307
-0.731184,0.999587,0.246045,2,7,0,0.83247,0.403364
-0.976317,0.99576,0.246045,2,7,0,1.11869,0.713555
-1.1574,0.999449,0.246045,3,7,0,1.1575,0.906223
-1.55983,0.998814,0.246045,2,5,0,1.59663,1.3004
-0.911598,0.875,0.246045,3,8,1,1.55752,0.64003
-0.815847,0.999217,0.246045,3,7,0,1.10309,0.52307
-1.43887,0.928711,0.246045,3,15,1,1.6834,1.18505
-1.02022,0.666667,0.246045,1,3,1,3.14486,0.761743
-0.707148,0.999901,0.246045,2,5,0,1.06998,0.363107
-0.806292,0.997471,0.246045,2,7,0,0.863382,0.0513965
-0.806292,0,0.246045,0,1,1,1.10487,0.0513965
-0.708127,0.368344,0.246045,1,2,1,1.67671,0.364845
-0.666997,0.999043,0.246045,2,5,0,0.789318,0.139133
-0.658649,0.972881,0.246045,2,3,0,0.820743,0.158427
-0.652836,0.998154,0.246045,1,3,0,0.682391,0.21261
-0.652836,0,0.246045,0,1,1,3.35434,0.21261
-0.671893,0.993094,0.246045,2,3,0,0.741967,0.130994
-0.834538,0.974441,0.246045,2,7,0,0.927616,0.546952
-1.51385,0.796558,0.246045,2,5,1,1.80951,1.25679
-1.63617,0.999686,0.246045,1,3,0,1.72428,1.37222
-2.01041,0.999454,0.246045,2,7,0,2.16761,1.71637
-1.65689,0.999948,0.246045,2,7,0,2.14284,1.3916
-1.41882,0.833279,0.246045,2,6,1,2.08997,1.16573
-1.91033,0.856801,0.246045,2,7,1,1.97476,1.62542
-0.707479,1,0.246045,4,15,0,1.73948,0.0948126
-0.707479,0,0.246045,0,1,1,1.79096,0.0948126
-0.693746,1,0.246045,1,1,0,0.708383,0.10585
-0.693746,0,0.246045,0,1,1,0.878442,0.10585
-0.693746,0,0.246045,0,1,1,2.50886,0.10585
-0.8134,0.705445,0.246045,2,4,1,1.15364,0.519894
-0.674717,0.999651,0.246045,2,5,0,0.874409,0.296904
-0.652852,1,0.246045,2,3,0,0.94932,0.187707
-0.926247,0.455617,0.246045,1,2,1,3.09181,0.656976
-1.22947,0.665325,0.246045,1,3,1,2.19151,0.979417
-0.973524,0.998974,0.246045,2,7,0,1.87601,0.710447
-0.971754,0.999842,0.246045,3,7,0,1.05178,0.708475
-0.906104,0.999204,0.246045,3,7,0,1.19828,0.633623
-1.14928,0.665665,0.246045,1,3,0,1.77643,0.897881
-0.804909,0.999945,0.246045,2,5,0,1.19005,0.508779
-0.80507,0.999998,0.246045,1,1,0,0.808341,0.508992
-0.869589,0.999039,0.246045,1,3,0,0.910864,0.590219
-1.16578,0.997289,0.246045,2,5,0,1.31529,0.914815
-0.788075,0.999921,0.246045,2,5,0,1.22567,0.486257
-1.19756,0.994383,0.246045,2,7,0,1.57038,0.947203
-1.68173,0.665416,0.246045,1,3,1,3.7856,1.41477
-0.655863,0.93333,0.246045,3,15,1,1.67817,0.235376
-3.24084,0.921731,0.246045,3,11,0,3.60177,2.79848
-3.71994,0.999796,0.246045,2,5,0,3.96444,3.20916
-3.73816,0.999995,0.246045,1,1,0,3.73964,3.22469
-3.73037,1,0.246045,2,3,0,3.74273,3.21805
-3.69224,0.999999,0.246045,3,7,0,3.74612,3.18551
-3.73116,0.99998,0.246045,2,3,0,3.78505,3.21872
-2.25291,0.999827,0.246045,3,11,0,5.023,1.93428
-2.27909,0.99998,0.246045,1,1,0,2.27918,1.95762
-1.29177,0.888866,0.246045,3,9,1,2.44783,1.04156
-0.869963,0.999588,0.246045,2,7,0,1.63474,0.590672
-1.52619,0.994702,0.246045,2,7,0,1.78381,1.26853
-1.51604,1,0.246045,2,3,0,1.52855,1.25887
-1.51322,1,0.246045,1,1,0,1.52113,1.25619
-1.08558,0.666667,0.246045,1,3,1,3.22887,0.831577
-0.880865,0.813089,0.246045,2,7,0,1.13749,0.603784
-0.817383,0.999825,0.246045,1,3,0,0.9179,0.525056
-1.45847,0.794207,0.246045,2,5,1,2.37811,1.20389
-2.16922,0.999101,0.246045,3,9,0,2.3845,1.85943
-1.73291,0.999904,0.246045,2,5,0,2.40048,1.46234
-1.64563,0.999979,0.246045,1,3,0,1.76664,1.38107
-1.52055,0.99998,0.246045,3,7,0,1.69856,1.26317
-0.960911,0.999882,0.246045,2,7,0,1.66525,0.696348
-0.664898,0.999794,0.246045,2,5,0,1.27383,0.270201
-0.701239,0.5,0.246045,1,2,1,0.915681,0.099528
-0.653547,1,0.246045,2,3,0,0.695651,0.181133
-0.694216,0.995359,0.246045,2,5,0,0.732484,0.339052
-0.729664,0.998438,0.246045,2,7,0,0.729727,0.400945
-0.721576,1,0.246045,1,1,0,0.729534,0.387816
-0.884953,0.997519,0.246045,2,5,0,0.942297,0.608664
-0.667862,0.999364,0.246045,2,7,0,1.05376,0.278932
-0.659839,0.999952,0.246045,1,3,0,0.670862,0.25299
-0.652367,0.999995,0.246045,3,7,0,0.660222,0.198484
-0.652367,0,0.246045,0,1,1,1.10041,0.198484
-0.682056,0.982262,0.246045,1,3,0,0.8002,0.313924
-0.663844,0.99975,0.246045,1,3,0,0.695537,0.266895
-0.736711,0.997739,0.246045,2,5,0,0.758495,0.412044
-0.718353,0.99988,0.246045,2,3,0,0.75043,0.382451
-0.691764,0.999872,0.246045,1,3,0,0.730322,0.334219
-0.801179,0.665088,0.246045,1,3,1,1.04959,0.503847
-1.44403,0.793618,0.246045,2,5,1,2.3881,1.19002
-1.77367,0.999286,0.246045,2,5,0,1.89196,1.50004
-1.84212,0.999972,0.246045,3,7,0,1.8461,1.56302
-1.64483,0.857117,0.246045,2,7,1,2.10761,1.38033
-1.66313,0.999972,0.246045,1,1,0,1.66379,1.39743
-1.82019,0.857052,0.246045,2,7,1,1.97517,1.54288
-1.81218,1,0.246045,1,1,0,1.82365,1.53552
-1.64218,0.999884,0.246045,2,5,0,2.00008,1.37785
-1.65919,0.999928,0.246045,2,3,0,1.71138,1.39375
-1.1828,0.999761,0.246045,2,7,0,2.0118,0.932198
-0.977413,0.833333,0.246045,2,6,1,1.22518,0.714772
-0.745449,0.999667,0.246045,2,5,0,1.09078,0.425426
-0.778861,0.9994,0.246045,2,3,0,0.792019,0.473618
-0.906617,0.999468,0.246045,2,5,0,0.925065,0.634223
-1.17064,0.799341,0.246045,2,5,1,1.27423,0.919794
-0.990922,0.799888,0.246045,2,5,1,1.46999,0.729719
-0.808124,0.8,0.246045,2,5,1,1.03748,0.513006
-0.906749,0.799383,0.246045,2,5,1,1.01729,0.634377
-0.854717,0.999902,0.246045,3,7,0,0.952794,0.572077
-0.885025,0.999629,0.246045,2,3,0,0.908844,0.60875
-0.652445,0.998637,0.246045,2,7,0,1.17861,0.194806
-0.654586,0.999712,0.246045,3,7,0,0.660494,0.174482
-0.698442,0.997511,0.246045,2,3,0,0.699989,0.101795
-0.693155,1,0.246045,1,1,0,0.702946,0.106384
-0.654846,1,0.246045,3,7,0,0.693129,0.229552
-0.749742,0.995712,0.246045,2,7,0,0.756763,0.431866
-0.785055,0.999821,0.246045,3,7,0,0.785868,0.482139
-1.1625,0.796782,0.246045,2,5,1,1.4764,0.911455
-1.16105,1,0.246045,1,1,0,1.16733,0.909967
-0.810929,0.666667,0.246045,1,3,1,2.62631,0.516675
-0.655469,0.5,0.246045,1,2,1,1.90779,0.170093
-0.655018,1,0.246045,1,1,0,0.655519,0.172233
-0.65382,0.99704,0.246045,3,7,0,0.778821,0.222401
-1.26426,0.724763,0.246045,2,4,1,1.69213,1.01424
-1.78445,0.85666,0.246045,2,7,1,1.87248,1.50997
-2.07355,0.999275,0.246045,2,7,0,2.68005,1.77342
-2.0364,0.999997,0.246045,2,3,0,2.08658,1.73989
-2.50094,0.999544,0.246045,2,7,0,2.75776,2.15424
-3.58727,0.999448,0.246045,3,11,0,4.16901,3.09583
-3.78513,0.999961,0.246045,3,7,0,3.83343,3.26474
-5.47974,0.999623,0.246045,3,11,0,6.13028,4.69301
-5.7088,0.999957,0.246045,2,5,0,5.99533,4.88425
-6.80573,0.999932,0.246045,4,15,0,6.80864,5.79602
-7.83829,0.928549,0.246045,3,14,1,8.26763,6.64954
-5.96212,0.933333,0.246045,3,15,1,7.9251,5.09536
-6.06164,0.999991,0.246045,2,3,0,6.0639,5.1782
-5.89668,0.999992,0.246045,1,3,0,6.19009,5.04086
-5.7146,0.99999,0.246045,2,5,0,6.06137,4.88908
-5.68606,1,0.246045,1,1,0,5.71478,4.86527
-5.36757,0.999997,0.246045,2,5,0,5.75011,4.59923
-5.2687,1,0.246045,2,3,0,5.36975,4.51651
-4.03225,0.999836,0.246045,3,15,0,7.594,3.47492
-4.03315,1,0.246045,1,1,0,4.04079,3.47568
-3.90351,0.99999,0.246045,1,3,0,4.10663,3.36553
-3.91311,0.999999,0.246045,2,3,0,3.91707,3.37369
-3.89349,1,0.246045,1,1,0,3.91433,3.357
-3.4316,0.999972,0.246045,2,5,0,4.11181,2.96249
-1.74394,0.99966,0.246045,3,15,0,5.29011,1.47255
-1.20675,0.875,0.246045,3,8,1,1.7519,0.956502
-1.53782,0.799128,0.246045,2,5,1,2.49484,1.27956
-1.13299,0.749722,0.246045,2,4,1,3.03642,0.881069
-1.04587,0.959834,0.246045,2,7,0,1.18398,0.789397
-1.33855,0.998563,0.246045,2,5,0,1.45102,1.08764
-1.17062,0.833279,0.246045,2,6,1,1.56096,0.919772
-0.781146,0.999348,0.246045,2,7,0,1.50382,0.476774
-0.966536,0.747655,0.246045,2,4,1,1.41817,0.702649
-0.668125,0.8,0.246045,2,5,1,1.03155,0.279674
-0.652613,0.935606,0.246045,2,3,0,0.978613,0.209138
-0.865716,0.886855,0.246045,2,3,0,0.948437,0.0378738
-0.674913,1,0.246045,3,7,0,0.84923,0.297385
-1.09269,0.979791,0.246045,2,7,0,1.65833,0.839059
-0.719094,0.75,0.246045,2,4,1,1.45349,0.383693
-3.24501,0.843582,0.246045,3,8,1,3.89517,2.80208
-2.80714,0.888796,0.246045,3,9,1,4.57831,2.42269
-2.83108,0.999988,0.246045,1,1,0,2.83144,2.44355
-3.46524,0.999578,0.246045,2,7,0,3.98398,2.99134
-2.38453,1,0.246045,4,15,0,3.46491,2.05132
-0.652473,0.875,0.246045,3,8,1,2.39659,0.206077
-0.765036,0.488117,0.246045,1,2,1,1.3422,0.454174
-0.858288,0.799232,0.246045,2,5,1,0.972866,0.57646
-0.783472,0.999939,0.246045,2,7,0,0.921736,0.479972
-0.899286,0.997218,0.246045,2,7,0,0.966601,0.0321864
-0.679953,0.979966,0.246045,2,3,0,0.874368,0.309225
-0.815419,0.663869,0.246045,1,3,1,1.22521,0.522515
-0.913802,0.998649,0.246045,2,5,0,1.02129,0.642593
-0.832404,0.714235,0.246045,2,7,0,0.978777,0.544256
-0.683325,0.666667,0.246045,1,3,1,1.29312,0.3167
-0.684717,0.5,0.246045,1,2,1,1.03407,0.114718
-0.917113,0.389691,0.246045,1,2,1,3.72849,0.646434
-0.740591,0.666667,0.246045,1,3,1,1.3778,0.418034
-0.681135,0.599681,0.246045,2,5,1,0.885025,0.118734
-0.704842,0.99428,0.246045,1,1,0,0.705725,0.0967511
-0.737213,0.987738,0.246045,1,1,0,0.744885,0.0770122
-0.737213,0,0.246045,0,1,1,1.19289,0.0770122
-0.685763,1,0.246045,2,3,0,0.722796,0.113605
-0.685763,1.75925e-83,0.246045,1,1,0,0.879749,0.113605
-0.671649,0.484688,0.246045,1,2,1,0.969738,0.289173
-0.671562,1,0.246045,1,1,0,0.672468,0.288949
-0.652534,0.993192,0.246045,1,3,0,0.749918,0.192612
-0.652667,0.999859,0.246045,2,5,0,0.655445,0.21009
-0.987532,0.726526,0.246045,2,4,1,1.50625,0.725978
-1.0792,0.999309,0.246045,1,3,0,1.14261,0.824852
-0.984456,0.857143,0.246045,2,7,1,1.07928,0.72258
-0.880789,0.999714,0.246045,2,5,0,1.08635,0.603693
-0.668276,0.5,0.246045,1,2,1,1.85153,0.280096
-0.868622,0.489698,0.246045,1,2,1,1.77024,0.589048
-1.2698,0.995745,0.246045,2,7,0,1.57987,1.01975
-2.21774,0.797556,0.246045,2,5,1,3.85416,1.90286
-2.1081,1,0.246045,2,3,0,2.21773,1.80454
-1.18662,0.833333,0.246045,2,6,1,2.59403,0.93609
-1.16506,1,0.246045,1,1,0,1.18656,0.914079
-0.75708,0.999238,0.246045,2,7,0,1.55416,0.442684
-0.936543,0.665108,0.246045,1,3,1,1.39097,0.668772
-1.07802,0.998714,0.246045,2,5,0,1.26745,0.823605
-0.834531,0.666667,0.246045,1,3,1,1.76997,0.546943
-0.696599,0.666667,0.246045,1,3,1,1.19515,0.343656
-0.898784,0.662791,0.246045,1,3,1,1.63378,0.625039
-0.717238,1,0.246045,2,5,0,0.971816,0.380577
-0.745065,0.892774,0.246045,3,7,0,1.08074,0.424847
-0.656593,1,0.246045,1,3,0,1.04639,0.2391
-0.656165,1,0.246045,1,1,0,0.656644,0.236953
-0.867555,0.482181,0.246045,1,2,1,2.0486,0.587755
-1.53371,0.746295,0.246045,2,4,1,2.4774,1.27566
-1.51386,1,0.246045,1,1,0,1.53402,1.25681
-2.32579,0.799292,0.246045,2,5,1,3.42164,1.99918
-2.3149,1,0.246045,1,1,0,2.3287,1.9895
-0.719074,0.874951,0.246045,3,8,1,2.69975,0.383658
-0.655049,0.5,0.246045,1,2,1,1.11462,0.172082
-0.655049,0,0.246045,0,1,1,2.36715,0.172082
-0.701229,0.327649,0.246045,2,3,0,1.0033,0.352367
-0.664674,0.999481,0.246045,2,7,0,0.703282,0.269507
-0.908952,0.793072,0.246045,2,5,1,1.14119,0.636948
-1.3048,0.832261,0.246045,2,6,1,1.35772,1.05444
-0.675229,0.749658,0.246045,2,4,1,2.46723,0.298153
-2.71901,0.839667,0.246045,3,8,1,2.85449,2.34572
-2.72499,0.999997,0.246045,1,1,0,2.72991,2.35096
-1.87056,0.833333,0.246045,2,6,1,3.88013,1.58908
-2.14362,0.999757,0.246045,2,5,0,2.19933,1.83647
-1.7492,0.833265,0.246045,2,6,1,3.33463,1.47742
-1.65235,0.999967,0.246045,1,3,0,1.79429,1.38736
-1.83224,0.857034,0.246045,2,7,1,2.04649,1.55395
-1.3942,0.999854,0.246045,2,7,0,2.09194,1.1419
-0.652374,0.749535,0.246045,2,4,1,3.25629,0.197834
-0.675953,0.994956,0.246045,2,7,0,0.767605,0.299903
-0.703041,0.999643,0.246045,3,7,0,0.709855,0.0981198
-0.969838,0.684278,0.246045,1,1,0,1.20113,0.0232066
-0.657197,1,0.246045,1,1,0,0.887861,0.163192
-0.84875,0.981648,0.246045,2,7,0,0.927702,0.564713
-0.955091,0.998744,0.246045,2,5,0,1.07222,0.689803
-1.21092,0.794468,0.246045,2,7,0,1.29829,0.960723
-1.01228,0.999963,0.246045,2,5,0,1.24643,0.753118
-0.81771,0.749709,0.246045,2,4,1,1.46588,0.525479
-0.652751,0.994097,0.246045,4,15,0,1.81599,0.2114
-0.683221,0.982087,0.246045,1,3,0,0.778864,0.316475
-0.708737,0.999414,0.246045,2,3,0,0.708751,0.365924
-1.07678,0.989251,0.246045,2,7,0,1.45055,0.822289
-1.17136,0.999453,0.246045,1,3,0,1.23253,0.92053
-1.34855,0.999032,0.246045,2,7,0,1.60034,1.09744
-1.68694,0.856806,0.246045,2,7,1,1.82056,1.41963
-1.11246,0.99955,0.246045,2,7,0,2.25647,0.859744
-1.55918,0.998517,0.246045,2,5,0,1.61801,1.29978
-0.976327,0.75,0.246045,2,4,1,2.1997,0.713565
-0.9467,0.999962,0.246045,3,7,0,1.00557,0.680322
-1.49978,0.74803,0.246045,2,4,1,2.08755,1.2434
-0.817238,0.8,0.246045,2,5,1,1.79958,0.524869
-0.666535,0.428571,0.246045,3,7,0,0.901466,0.275115
-0.666535,0,0.246045,0,1,1,1.67448,0.275115
-0.652435,0.999964,0.246045,2,7,0,0.665747,0.204968
-0.688667,0.972845,0.246045,1,3,0,0.822533,0.327962
-0.817591,0.746289,0.246045,2,4,1,1.16305,0.525326
-1.15818,0.595304,0.246045,3,7,0,1.39018,0.907032
-0.840382,0.999679,0.246045,2,5,0,1.34299,0.554294
-0.685986,0.749423,0.246045,2,4,1,1.31993,0.32239
-0.779059,0.665294,0.246045,1,3,1,0.973891,0.473892
-1.23828,0.490225,0.246045,1,2,1,3.82937,0.988268
-0.692738,0.749712,0.246045,2,4,1,2.07247,0.336152
-0.688481,0.999985,0.246045,3,7,0,0.696781,0.327581
-0.787225,0.665236,0.246045,1,3,1,0.998997,0.4851
-1.0024,0.799083,0.246045,2,5,1,1.08454,0.742332
-0.997191,0.999987,0.246045,3,7,0,1.01943,0.736615
-0.98549,1,0.246045,2,3,0,0.997868,0.723723
-1.00289,0.999917,0.246045,2,3,0,1.01464,0.742869
-0.675426,0.999193,0.246045,2,7,0,1.34685,0.298633
-1.40418,0.732807,0.246045,2,4,1,1.90904,1.15156
-1.14073,0.833333,0.246045,2,6,1,1.47844,0.889064
-0.812326,0.749462,0.246045,2,4,1,2.4329,0.518497
-0.889992,0.998809,0.246045,1,3,0,0.952895,0.614654
-1.26433,0.664333,0.246045,1,3,1,2.78513,1.01431
-1.39895,0.999635,0.246045,3,7,0,1.49547,1.14651
-1.7528,0.83311,0.246045,2,6,1,1.90034,1.48075
-0.789701,0.999517,0.246045,3,11,0,2.0412,0.056281
-0.652415,0.999893,0.246045,2,3,0,0.770322,0.195827
-0.910008,0.46251,0.246045,1,2,1,2.8261,0.638179
-0.661289,0.5,0.246045,1,2,1,2.26512,0.25832
-0.678993,0.997312,0.246045,3,7,0,0.759544,0.121305
-0.678993,0,0.246045,0,1,1,2.82662,0.121305
-0.85596,0.920942,0.246045,1,1,0,0.869677,0.0397527
-0.85596,0,0.246045,0,1,1,1.22451,0.0397527
-0.85596,0.321896,0.246045,1,2,1,1.33203,0.0397527
-0.85596,0,0.246045,0,1,1,1.48853,0.0397527
-1.3894,0.558929,0.246045,3,8,1,1.7741,1.13724
-1.26089,0.857117,0.246045,2,7,1,1.50158,1.01088
-1.61225,0.999053,0.246045,2,7,0,1.76796,1.34979
-1.63926,0.999965,0.246045,2,3,0,1.65405,1.37512
-0.67246,0.75,0.246045,2,4,1,2.51139,0.291262
-0.824755,0.997709,0.246045,2,7,0,0.834596,0.534531
-1.56036,0.79597,0.246045,2,5,1,1.92555,1.3009
-0.793707,0.999683,0.246045,2,7,0,1.97266,0.493869
-0.745869,1,0.246045,2,3,0,0.792987,0.426061
-0.716337,1,0.246045,2,3,0,0.745841,0.379055
-0.685316,0.99935,0.246045,3,7,0,0.771494,0.320974
-0.653023,0.983007,0.246045,1,3,0,0.778454,0.214928
-0.705838,0.964324,0.246045,1,3,0,0.895453,0.360764
-0.717789,0.990721,0.246045,2,7,0,1.31478,0.087884
-0.678984,1,0.246045,1,1,0,0.708366,0.121316
-0.678984,0,0.246045,0,1,1,0.916873,0.121316
-0.668749,1,0.246045,1,1,0,0.677416,0.136044
-1.07183,0.560015,0.246045,2,4,1,5.73666,0.817052
-1.50832,0.9984,0.246045,2,5,0,1.56517,1.25153
-1.51722,0.999984,0.246045,1,1,0,1.51997,1.26
-1.51323,1,0.246045,1,1,0,1.52181,1.25621
-1.92892,0.856815,0.246045,2,7,1,2.14665,1.64237
-1.93753,0.999991,0.246045,1,1,0,1.94091,1.6502
-2.18128,0.999704,0.246045,3,7,0,2.33593,1.87024
-2.17647,1,0.246045,1,1,0,2.18632,1.86593
-0.783237,0.875,0.246045,3,8,1,2.23204,0.47965
-0.663665,0.997302,0.246045,2,7,0,1.18621,0.266322
-0.730966,0.998293,0.246045,2,5,0,0.749345,0.403019
-0.810123,0.799172,0.246045,2,5,0,0.906633,0.515622
-0.653705,0.99929,0.246045,2,7,0,0.941788,0.221471
-0.751129,0.958927,0.246045,3,7,0,0.862555,0.433927
-0.660386,0.999597,0.246045,3,7,0,0.848481,0.153506
-1.04132,0.404985,0.246045,1,2,1,5.02918,0.784524
-1.07281,0.999895,0.246045,2,3,0,1.08077,0.818094
-0.812943,0.999769,0.246045,2,7,0,1.19232,0.519299
-0.751729,0.457018,0.246045,3,7,0,0.884647,0.0702533
-0.8281,0.933571,0.246045,1,1,0,0.886121,0.0458043
-0.652369,0.981876,0.246045,2,3,0,0.807674,0.201743
-0.671414,0.99589,0.246045,3,7,0,0.739537,0.288562
-0.671414,0,0.246045,0,1,1,2.24468,0.288562
-0.838142,0.796403,0.246045,2,5,1,0.939565,0.551486
-0.767337,0.999666,0.246045,1,3,0,0.89826,0.457453
-1.04166,0.663739,0.246045,1,3,1,2.04568,0.784882
-0.950595,0.999817,0.246045,1,3,0,1.1072,0.684729
-2.91936,0.986753,0.246045,3,11,0,4.27076,2.52037
-2.89273,1,0.246045,1,1,0,2.91949,2.49722
-2.85026,0.999987,0.246045,2,3,0,2.94244,2.46027
-1.29408,0.875,0.246045,3,8,1,3.09452,1.04384
-1.39769,0.99963,0.246045,1,3,0,1.46207,1.14528
-1.4268,0.99995,0.246045,2,3,0,1.43939,1.17342
-1.42505,1,0.246045,2,3,0,1.43221,1.17173
-2.07028,0.998717,0.246045,2,7,0,2.23302,1.77048
-2.09858,0.999953,0.246045,3,7,0,2.20056,1.79598
-4.44233,0.998462,0.246045,3,11,0,4.7668,3.82202
-3.33542,0.909089,0.246045,3,11,1,4.61151,2.87989
-3.33989,0.999998,0.246045,1,1,0,3.34569,2.88373
-2.95244,0.899936,0.246045,3,10,1,4.35555,2.5491
-1.6042,0.888862,0.246045,3,9,1,3.36249,1.34222
-1.10321,0.999704,0.246045,2,7,0,2.02036,0.850085
-1.12589,0.999926,0.246045,2,3,0,1.13768,0.87371
-1.01551,0.857143,0.246045,2,7,1,1.12745,0.756638
-1.42749,0.83222,0.246045,2,6,1,1.7072,1.17409
-1.40994,1,0.246045,1,1,0,1.42801,1.15714
-1.17669,0.577268,0.246045,3,7,0,1.47773,0.00947222
-1.17669,0.123246,0.246045,1,1,0,1.24849,0.00947222
-1.17669,0.0866774,0.246045,2,3,0,1.2485,0.00947222
-3.26776,0.0427954,0.246045,4,15,0,4.32695,2.82168
-3.38573,0.999945,0.246045,1,3,0,3.44506,2.92311
-1.0179,0.99985,0.246045,3,15,0,4.34381,0.759235
-0.712475,0.799859,0.246045,2,5,1,1.26112,0.372448
-1.29294,0.979289,0.246045,4,15,0,2.31144,1.04272
-0.920137,0.8,0.246045,2,5,1,1.5333,0.649932
-2.25007,0.793717,0.246045,2,5,1,3.57657,1.93174
-2.10433,0.999844,0.246045,4,15,0,2.78828,1.80115
-2.17302,0.999956,0.246045,2,3,0,2.1778,1.86283
-2.26204,0.999942,0.246045,2,3,0,2.26369,1.94242
-1.78044,0.899946,0.246045,3,10,1,2.55805,1.50628
-2.19137,0.832972,0.246045,2,6,1,3.48457,1.87927
-2.05588,0.999952,0.246045,1,3,0,2.28979,1.75748
-2.07179,0.999985,0.246045,1,1,0,2.0732,1.77183
-2.18378,0.999866,0.246045,1,3,0,2.24365,1.87248
-2.31836,0.999923,0.246045,3,7,0,2.37851,1.99257
-2.02437,0.857114,0.246045,2,7,1,2.92327,1.729
-1.78285,0.999774,0.246045,2,7,0,2.43142,1.50851
-1.22184,0.666667,0.246045,1,3,1,4.58851,0.971741
-1.42847,0.99953,0.246045,2,5,0,1.45945,1.17503
-2.02712,0.998249,0.246045,2,7,0,2.58221,1.7315
-1.08627,0.999955,0.246045,3,9,0,2.18895,0.832301
-0.886153,0.999927,0.246045,2,5,0,1.13403,0.610094
-0.750849,0.999987,0.246045,3,7,0,0.896324,0.433512
-0.880787,0.999018,0.246045,1,3,0,1.12478,0.603691
-0.731317,0.666667,0.246045,1,3,1,1.22684,0.403574
-1.03497,0.492694,0.246045,1,2,1,2.36954,0.777689
-0.789107,0.749563,0.246045,2,4,1,1.80266,0.487658
-0.653766,0.5,0.246045,1,2,1,1.42845,0.221971
-0.684612,0.988232,0.246045,1,3,0,0.765198,0.319473
-0.962515,0.991482,0.246045,2,7,0,1.20587,0.698147
-0.759233,0.998231,0.246045,2,7,0,1.5328,0.445816
-0.928551,0.665278,0.246045,1,3,1,1.33084,0.659624
-0.661733,0.99917,0.246045,2,7,0,1.19807,0.259876
-0.656275,0.999949,0.246045,1,3,0,0.664079,0.237516
-0.683395,0.997881,0.246045,2,5,0,0.733947,0.316852
-0.681068,1,0.246045,1,1,0,0.683664,0.311733
-0.681068,0,0.246045,0,1,1,2.00024,0.311733
-1.19654,0.792009,0.246045,2,5,0,1.42936,0.946161
-1.6063,0.99889,0.246045,2,5,0,1.6441,1.3442
-2.33168,0.874575,0.246045,3,8,1,2.37195,2.00441
-2.31242,1,0.246045,2,3,0,2.33255,1.98729
-2.43059,0.999886,0.246045,1,3,0,2.49678,2.09211
-2.30442,0.999876,0.246045,3,7,0,2.73975,1.98018
-2.28039,1,0.246045,1,1,0,2.30465,1.95877
-1.61592,0.833333,0.246045,2,6,1,2.95579,1.35323
-2.02914,0.999351,0.246045,2,7,0,2.23641,1.73332
-1.902,0.99995,0.246045,1,3,0,2.11554,1.61781
-1.04705,0.874988,0.246045,3,8,1,2.02161,0.790659
-1.13672,0.999447,0.246045,1,3,0,1.19201,0.884927
-1.1452,0.999969,0.246045,1,1,0,1.14725,0.893675
-0.990899,0.999935,0.246045,2,7,0,1.3589,0.729693
-1.00197,0.99994,0.246045,1,1,0,1.00286,0.741855
-1.19066,0.99938,0.246045,3,7,0,1.2095,0.940191
-1.63238,0.998201,0.246045,2,7,0,1.92563,1.36867
-1.55111,0.999836,0.246045,3,7,0,1.83783,1.29215
-1.95235,0.999767,0.246045,4,15,0,1.95322,1.66368
-1.38956,0.875,0.246045,3,8,1,1.96098,1.1374
-0.893028,0.799893,0.246045,2,5,1,1.87189,0.61825
-0.828312,0.999832,0.246045,1,3,0,0.930381,0.539066
-0.704345,0.666667,0.246045,1,3,1,1.1079,0.358071
-0.867524,0.87291,0.246045,2,7,0,0.872543,0.587717
-2.18824,0.732186,0.246045,2,4,1,5.9768,1.87647
-1.10331,0.99989,0.246045,4,15,0,2.59354,0.850184
-1.20999,0.999398,0.246045,1,3,0,1.29047,0.959783
-0.736483,0.749401,0.246045,2,4,1,2.57157,0.0773792
-0.736483,0,0.246045,0,1,1,2.50589,0.0773792
-0.767551,0.981997,0.246045,1,1,0,0.792817,0.063875
-0.667321,0.449558,0.246045,1,2,1,1.12044,0.277391
-0.783159,0.663575,0.246045,1,3,1,1.15151,0.479543
-0.678386,0.666667,0.246045,1,3,1,1.04186,0.305639
-0.709428,0.998628,0.246045,1,3,0,0.734438,0.36714
-1.52596,0.923954,0.246045,3,15,1,1.56856,1.26831
-1.26264,0.999957,0.246045,2,5,0,1.59267,1.01262
-1.15741,0.999877,0.246045,1,3,0,1.3363,0.906232
-1.40365,0.856855,0.246045,2,7,1,1.40474,1.15106
-0.67689,0.75,0.246045,2,4,1,1.87766,0.302137
-0.671772,0.999794,0.246045,3,7,0,0.695638,0.289493
-0.657319,0.999934,0.246045,3,7,0,0.67869,0.242526
-0.816805,0.98644,0.246045,3,7,0,0.817756,0.0485943
-0.816805,0,0.246045,0,1,1,1.17497,0.0485943
-0.722661,0.989256,0.246045,2,3,0,0.784298,0.0849202
-0.666938,0.472141,0.246045,1,2,1,1.02794,0.276288
-0.874027,0.794734,0.246045,2,5,1,1.03942,0.595577
-1.14983,0.665202,0.246045,1,3,1,1.99336,0.898443
-1.20829,0.999471,0.246045,3,7,0,1.39579,0.958067
-1.31609,0.999839,0.246045,3,7,0,1.32929,1.06558
-1.1356,0.999845,0.246045,3,7,0,1.45437,0.883765
-1.01192,0.999764,0.246045,2,5,0,1.26139,0.752726
-0.828795,0.8333,0.246045,2,6,1,1.05524,0.539681
-0.815725,1,0.246045,1,1,0,0.828685,0.522911
-0.877587,0.999153,0.246045,1,3,0,0.91316,0.599857
-1.62916,0.993867,0.246045,2,7,0,1.98982,1.36566
-1.14876,0.833284,0.246045,2,6,1,1.9958,0.89734
-1.08468,0.999669,0.246045,3,7,0,1.32674,0.830628
-1.03971,0.999977,0.246045,3,7,0,1.11208,0.782792
-1.03984,0.999999,0.246045,1,1,0,1.04482,0.782931
-0.88268,0.999314,0.246045,2,7,0,1.29727,0.605953
-0.827529,1,0.246045,2,3,0,0.8824,0.53807
-0.822746,1,0.246045,1,1,0,0.829071,0.53196
-0.685577,0.985931,0.246045,2,7,0,0.823176,0.321526
-0.685577,0,0.246045,0,1,1,2.07627,0.321526
-0.667626,0.99982,0.246045,1,3,0,0.696053,0.278263
-0.656402,0.999754,0.246045,1,3,0,0.677931,0.238152
-1.66793,0.844814,0.246045,3,8,1,1.81013,1.40192
-1.70289,0.999519,0.246045,4,15,0,2.4063,1.43447
-2.71136,0.998703,0.246045,3,11,0,3.24357,2.33903
-3.39865,0.899762,0.246045,3,10,1,4.03579,2.9342
-4.0048,0.99982,0.246045,2,5,0,4.09261,3.45161
-3.20434,0.999892,0.246045,3,11,0,4.89306,2.76703
-3.31825,0.999946,0.246045,1,3,0,3.37244,2.86512
-4.39292,0.999747,0.246045,3,9,0,4.54493,3.7803
-4.69548,0.999884,0.246045,2,7,0,5.25115,4.03541
-4.11221,0.999968,0.246045,2,7,0,5.0876,3.54274
-4.14328,0.999993,0.246045,1,1,0,4.1433,3.56909
-3.98314,0.999983,0.246045,1,3,0,4.26948,3.43321
-4.01398,0.999997,0.246045,2,3,0,4.014,3.4594
-3.78777,0.916652,0.246045,3,12,1,4.30633,3.26699
-0.823174,0.874987,0.246045,3,8,1,4.70392,0.532507
-0.737913,1,0.246045,3,7,0,0.824014,0.413908
-0.868013,0.920857,0.246045,2,7,0,0.868059,0.588311
-0.702181,1,0.246045,3,7,0,0.867521,0.354122
-0.705484,0.999975,0.246045,2,3,0,0.706,0.360127
-0.760026,0.999263,0.246045,2,7,0,0.76161,0.446966
-0.660221,0.999759,0.246045,2,5,0,0.803725,0.254436
-0.70821,0.997961,0.246045,2,5,0,0.71865,0.364992
-0.668557,0.998146,0.246045,2,5,0,0.760435,0.28088
-0.659194,0.999898,0.246045,3,7,0,0.677686,0.250482
-1.05177,0.983569,0.246045,2,7,0,1.21153,0.795714
-1.5075,0.799174,0.246045,2,5,1,1.8537,1.25075
-2.5534,0.831815,0.246045,2,6,1,4.47179,2.20045
-2.55056,0.999977,0.246045,2,3,0,2.61982,2.19795
-3.34794,0.908929,0.246045,3,11,1,3.34808,2.89065
-2.41972,0.999998,0.246045,4,15,0,3.40594,2.08249
-2.07144,0.857108,0.246045,2,7,1,3.28964,1.77152
-1.72672,0.999597,0.246045,3,11,0,2.96851,1.45659
-1.67563,0.999999,0.246045,2,3,0,1.73416,1.4091
-2.03025,0.999523,0.246045,2,7,0,2.16359,1.73433
-1.34019,0.833278,0.246045,2,6,1,2.82119,1.08925
-1.91633,0.665435,0.246045,1,3,1,4.77721,1.63089
-2.04816,0.99993,0.246045,4,15,0,2.16776,1.75051
-1.92814,0.999955,0.246045,3,7,0,2.17262,1.64165
-2.87019,0.888341,0.246045,3,9,1,3.29606,2.47761
-3.53111,0.999721,0.246045,2,5,0,3.65816,3.04777
-2.76235,0.888858,0.246045,3,9,1,4.36023,2.3836
-2.83513,0.999973,0.246045,2,3,0,2.84018,2.44708
-2.70137,0.999975,0.246045,1,3,0,2.92218,2.3303
-1.94775,0.857116,0.246045,2,7,1,3.55801,1.6595
-1.62219,0.999583,0.246045,3,11,0,2.75803,1.35912
-1.82797,0.999475,0.246045,2,7,0,2.12239,1.55003
-1.79528,0.999969,0.246045,2,3,0,1.87496,1.51996
-1.81344,0.999977,0.246045,1,1,0,1.81423,1.53668
-0.783727,0.874936,0.246045,3,8,1,2.10083,0.480322
-0.7344,0.999761,0.246045,1,3,0,0.8152,0.408435
-0.944653,0.664128,0.246045,1,3,1,1.61085,0.678001
-1.05864,0.740219,0.246045,2,7,0,1.06261,0.803046
-1.12365,0.999676,0.246045,1,3,0,1.1463,0.871385
-1.40345,0.833033,0.246045,2,6,1,1.49481,1.15086
-1.36768,0.999953,0.246045,2,3,0,1.44309,1.11612
-1.37976,0.999972,0.246045,1,1,0,1.38135,1.12787
-1.1502,0.999962,0.246045,2,5,0,1.42732,0.898827
-1.55949,0.998772,0.246045,2,5,0,1.59935,1.30008
-1.94901,0.799443,0.246045,2,5,1,3.1542,1.66065
-2.60374,0.999355,0.246045,2,7,0,2.74756,2.24471
-2.48812,0.99998,0.246045,1,3,0,2.66453,2.14293
-2.63951,0.999886,0.246045,2,5,0,2.76164,2.2761
-3.14043,0.908941,0.246045,3,11,1,3.42981,2.71187
-2.63305,0.999934,0.246045,2,7,0,3.4396,2.27043
-1.96162,0.999863,0.246045,4,15,0,3.25599,1.67211
-1.30286,0.926138,0.246045,2,7,0,2.1437,1.05253
-1.30038,1,0.246045,1,1,0,1.30764,1.05008
-1.02704,0.833333,0.246045,2,6,1,1.39406,0.769132
-0.97652,1,0.246045,2,3,0,1.02928,0.713779
-1.65572,0.872755,0.246045,3,8,1,1.90649,1.39051
-1.8803,0.99982,0.246045,3,7,0,1.88083,1.59799
-1.87828,0.999959,0.246045,2,3,0,1.94229,1.59615
-1.14483,0.999855,0.246045,2,7,0,2.14862,0.893299
-0.938137,0.833333,0.246045,2,6,1,1.19163,0.67059
-1.20776,0.998178,0.246045,2,5,0,1.31157,0.957529
-1.63265,0.856707,0.246045,2,7,1,1.67602,1.36892
-1.38996,0.833275,0.246045,2,6,1,2.089,1.13779
-1.01638,0.833284,0.246045,2,6,1,1.6076,0.757577
-1.01733,0.999998,0.246045,2,3,0,1.02179,0.758606
-1.001,1,0.246045,1,1,0,1.01738,0.740795
-1.42193,0.998131,0.246045,2,5,0,1.47721,1.16873
-0.980988,0.833333,0.246045,2,6,1,1.48704,0.718739
-1.25727,0.79973,0.246045,2,5,0,2.01266,1.00726
-0.873205,0.999552,0.246045,2,7,0,1.53203,0.594585
-0.718689,0.666667,0.246045,1,3,1,1.26471,0.383015
-0.837941,0.665456,0.246045,1,3,1,1.07857,0.551233
-1.25641,0.747896,0.246045,2,4,1,1.61392,1.00641
-1.30629,0.999959,0.246045,3,7,0,1.31168,1.05591
-1.39114,0.999733,0.246045,1,3,0,1.42857,1.13893
-1.41138,0.999955,0.246045,1,1,0,1.41159,1.15853
-1.57957,0.857058,0.246045,2,7,1,1.58995,1.31904
-1.68502,0.999771,0.246045,1,3,0,1.74355,1.41785
-0.896385,0.874965,0.246045,3,8,1,1.79139,0.622213
-0.837926,0.71462,0.246045,2,7,0,0.924031,0.551215
-0.845984,0.999924,0.246045,1,1,0,0.84679,0.56128
-0.838893,1,0.246045,2,3,0,0.846965,0.552428
-0.849315,0.999902,0.246045,1,1,0,0.849679,0.565411
-0.709177,0.666667,0.246045,1,3,1,1.19162,0.366698
-0.906942,0.906187,0.246045,2,5,0,1.00624,0.634603
-1.26261,0.997893,0.246045,2,5,0,1.29825,1.01259
-1.01721,0.999998,0.246045,3,7,0,1.27071,0.758475
-0.652447,0.5,0.246045,1,2,1,4.05598,0.194762
-0.652447,0.000126915,0.246045,1,1,0,1.04157,0.194762
-0.65291,0.99996,0.246045,2,7,0,0.653261,0.187024
-0.65291,0,0.246045,0,1,1,2.50075,0.187024
-0.65291,0,0.246045,0,1,1,2.02976,0.187024
-0.67157,0.997612,0.246045,2,3,0,0.697546,0.131488
-0.688449,0.989926,0.246045,2,5,0,0.761533,0.327515
-0.653171,0.999612,0.246045,2,5,0,0.700023,0.216548
-0.927604,0.468378,0.246045,1,2,1,2.83783,0.658536
-1.41822,0.995542,0.246045,2,7,0,1.87548,1.16515
-1.03347,0.666667,0.246045,1,3,1,2.84486,0.776073
-1.01702,1,0.246045,1,1,0,1.03354,0.758278
-1.63202,0.832077,0.246045,2,6,1,1.8151,1.36834
-1.61311,0.999996,0.246045,3,7,0,1.64993,1.3506
-1.38052,0.874821,0.246045,3,8,1,2.03008,1.12861
-1.43771,0.999838,0.246045,2,3,0,1.46937,1.18394
-1.26042,1,0.246045,3,7,0,1.43947,1.01041
-1.17032,0.99988,0.246045,3,7,0,1.36796,0.919462
-1.5211,0.998845,0.246045,2,7,0,1.68557,1.26369
-1.6672,0.999669,0.246045,2,5,0,1.80337,1.40123
-1.87746,0.99949,0.246045,2,7,0,2.18318,1.59539
-1.00766,0.8,0.246045,2,5,1,2.33772,0.748081
-0.67766,0.749504,0.246045,2,4,1,1.71343,0.122978
-1.15242,0.688528,0.246045,2,4,1,1.57899,0.901106
-1.1142,0.999997,0.246045,2,3,0,1.15926,0.861558
-1.03655,0.857123,0.246045,2,7,1,1.15226,0.779397
-0.693021,0.999074,0.246045,2,7,0,1.37599,0.336711
-0.800707,0.998296,0.246045,3,7,0,0.808794,0.50322
-0.758675,0.999904,0.246045,1,3,0,0.817858,0.445007
-1.03133,0.427526,0.246045,3,7,0,1.19371,0.773768
-0.690921,0.5,0.246045,1,2,1,2.89329,0.332535
-0.838726,0.991231,0.246045,2,7,0,1.27319,0.552219
-0.849215,0.999958,0.246045,3,7,0,0.859731,0.565288
-0.689479,0.82235,0.246045,3,7,0,0.917889,0.32962
-0.664473,0.5,0.246045,1,2,1,0.990716,0.144027
-0.664473,0,0.246045,0,1,1,1.37546,0.144027
-0.662069,0.986169,0.246045,2,7,0,0.792513,0.261035
-0.66152,1,0.246045,1,1,0,0.662303,0.259134
-0.657738,0.999939,0.246045,2,3,0,0.6642,0.244405
-0.652376,0.999547,0.246045,2,5,0,0.671713,0.202306
-0.817969,0.93366,0.246045,3,7,0,0.977788,0.525814
-0.955641,0.999248,0.246045,3,7,0,0.956062,0.690423
-0.891872,1,0.246045,3,7,0,0.955381,0.616882
-0.74452,0.5,0.246045,1,2,1,3.35819,0.0734871
-0.680303,0.447014,0.246045,1,2,1,1.22987,0.310016
-0.686277,0.999858,0.246045,2,3,0,0.689004,0.323004
-0.654164,0.990216,0.246045,1,3,0,0.764236,0.225002
-0.667559,0.999507,0.246045,2,7,0,0.667668,0.138118
-0.658732,0.988121,0.246045,1,3,0,0.776717,0.248618
-0.705383,0.9957,0.246045,2,7,0,0.809376,0.359946
-0.660254,0.989658,0.246045,1,3,0,0.794078,0.254558
-0.660254,0,0.246045,0,1,1,1.48731,0.254558
-0.660254,0,0.246045,0,1,1,1.4877,0.254558
-0.656032,0.998603,0.246045,1,3,0,0.727014,0.167649
-0.738379,0.483127,0.246045,1,2,1,1.31607,0.414629
-0.666696,0.58639,0.246045,3,7,0,0.858545,0.139688
-0.676107,0.998481,0.246045,1,1,0,0.676189,0.125005
-0.803084,0.960192,0.246045,1,1,0,0.804048,0.0522945
-0.803084,0,0.246045,0,1,1,2.58536,0.0522945
-0.803084,0.347023,0.246045,1,2,1,1.57399,0.0522945
-0.803084,0,0.246045,0,1,1,1.01773,0.0522945
-0.803084,0,0.246045,0,1,1,1.20742,0.0522945
-0.766469,0.873,0.246045,2,7,0,1.10989,0.456218
-0.810089,0.999715,0.246045,3,7,0,0.822537,0.515578
-1.56565,0.48134,0.246045,1,2,1,7.86246,1.3059
-1.56385,1,0.246045,2,3,0,1.5713,1.3042
-1.24206,0.857121,0.246045,2,7,1,1.68656,0.992049
-0.993646,0.857143,0.246045,2,7,1,1.24419,0.732718
-0.739768,0.666667,0.246045,1,3,1,1.91707,0.41677
-0.653394,0.999809,0.246045,2,5,0,0.820434,0.182353
-0.867587,0.972532,0.246045,2,7,0,1.17431,0.587794
-0.853493,1,0.246045,1,1,0,0.867506,0.57057
-0.827503,0.5,0.246045,1,2,1,2.78642,0.0459464
-0.78328,1,0.246045,1,1,0,0.857343,0.0583439
-0.78328,0.118784,0.246045,1,1,0,0.931189,0.0583439
-0.78328,0,0.246045,0,1,1,1.05568,0.0583439
-0.78328,0,0.246045,0,1,1,1.39626,0.0583439
-0.78328,0,0.246045,0,1,1,3.50199,0.0583439
-0.714981,0.381723,0.246045,1,2,1,1.71251,0.376751
-0.89957,0.664099,0.246045,1,3,1,1.46484,0.625963
-1.19304,0.997639,0.246045,2,5,0,1.33146,0.94261
-1.76614,0.79921,0.246045,2,5,1,2.3129,1.49308
-1.75444,1,0.246045,1,1,0,1.76835,1.48226
-3.60289,0.998143,0.246045,3,9,0,3.73181,3.10918
-2.18736,0.899997,0.246045,3,10,1,3.73566,1.87568
-2.08706,0.999981,0.246045,1,3,0,2.23139,1.7856
-4.02772,0.997458,0.246045,3,13,0,6.50693,3.47107
-2.67665,0.888889,0.246045,3,9,1,4.3812,2.30865
-2.33813,0.999988,0.246045,4,15,0,2.80652,2.01014
-1.67268,0.999738,0.246045,2,7,0,3.00798,1.40634
-2.01521,0.999545,0.246045,2,7,0,2.13598,1.72072
-1.99262,1,0.246045,2,3,0,2.01549,1.70025
-2.79396,0.899626,0.246045,3,10,1,3.06052,2.41119
-2.7917,1,0.246045,1,1,0,2.80051,2.40922
-2.83771,0.999946,0.246045,3,7,0,3.00826,2.44933
-2.58736,0.999889,0.246045,2,7,0,3.23472,2.23031
-0.828477,0.999971,0.246045,3,11,0,2.74815,0.539276
-1.17525,0.998411,0.246045,2,7,0,1.41191,0.9245
-1.46881,0.999194,0.246045,2,5,0,1.56899,1.2138
-1.35106,0.857124,0.246045,2,7,1,1.55475,1.09989
-1.64823,0.999281,0.246045,3,7,0,1.76213,1.38351
-1.6367,1,0.246045,1,1,0,1.65035,1.37272
-1.2341,0.999831,0.246045,2,5,0,1.86188,0.984064
-1.53847,0.999047,0.246045,2,5,0,1.64467,1.28017
-0.982917,0.666667,0.246045,1,3,1,4.59997,0.720876
-0.982277,1,0.246045,1,1,0,0.987346,0.720168
-0.968578,0.999701,0.246045,3,7,0,1.10308,0.704931
-0.671182,0.999212,0.246045,2,7,0,1.2651,0.287956
-0.796624,0.996426,0.246045,2,5,0,0.853365,0.49778
-0.652454,0.999799,0.246045,2,5,0,0.927556,0.205556
-0.655286,1,0.246045,2,3,0,0.797068,0.23218
-0.655286,0,0.246045,0,1,1,3.25913,0.23218
-0.8945,0.862767,0.246045,3,7,0,1.13779,0.61999
-2.15046,0.993603,0.246045,3,9,0,2.30117,1.8426
-2.02362,0.999957,0.246045,1,3,0,2.23414,1.72833
-1.59696,0.888886,0.246045,3,9,1,2.05466,1.33541
-0.89071,0.75,0.246045,2,4,1,2.63387,0.615505
-0.78168,0.799859,0.246045,2,5,1,1.0394,0.477509
-0.792419,0.999955,0.246045,2,3,0,0.792494,0.492135
-1.49242,0.585538,0.246045,3,7,0,2.73746,1.23638
-1.53376,0.999945,0.246045,2,3,0,1.54306,1.27571
-0.905513,0.976768,0.246045,2,5,0,1.74856,0.632932
-0.805013,0.999582,0.246045,2,5,0,1.0206,0.508916
-1.24071,0.492539,0.246045,1,2,1,3.49918,0.9907
-1.22238,1,0.246045,1,1,0,1.2409,0.972278
-1.30111,0.999715,0.246045,1,3,0,1.33355,1.05079
-0.652409,0.75,0.246045,2,4,1,1.77139,0.196039
-0.674039,0.995174,0.246045,2,7,0,0.760668,0.295234
-0.653528,0.99865,0.246045,2,5,0,0.718717,0.219968
-0.656505,0.999752,0.246045,1,3,0,0.658604,0.238663
-0.656505,0,0.246045,0,1,1,2.51827,0.238663
-0.664419,0.999446,0.246045,1,3,0,0.669908,0.268711
-0.758503,0.664157,0.246045,1,3,1,1.03357,0.444757
-0.676611,0.666667,0.246045,1,3,0,0.928277,0.301476
-1.01558,0.990652,0.246045,2,7,0,1.10675,0.756708
-1.02136,0.999979,0.246045,3,7,0,1.03853,0.762989
-2.50794,0.883461,0.246045,3,9,1,3.16036,2.16041
-2.64479,0.999881,0.246045,1,3,0,2.73925,2.28073
-2.96623,0.999857,0.246045,2,5,0,3.04682,2.56107
-3.48761,0.999801,0.246045,2,5,0,3.53805,3.01051
-2.68997,0.999953,0.246045,4,15,0,3.93364,2.32032
-1.20304,0.999967,0.246045,3,9,0,2.90567,0.952752
-1.11105,0.999897,0.246045,1,3,0,1.25756,0.858271
-0.790782,0.749426,0.246045,2,4,1,2.38745,0.489925
-0.697567,0.454476,0.246045,3,7,0,0.847913,0.102526
-0.673548,1,0.246045,1,1,0,0.69267,0.128549
-0.653858,1,0.246045,2,3,0,0.671523,0.178892
-0.653858,0,0.246045,0,1,1,1.35339,0.178892
-0.654078,0.999993,0.246045,2,3,0,0.654133,0.177456
-0.654078,0,0.246045,0,1,1,1.43319,0.177456
-0.728787,0.99194,0.246045,2,7,0,0.809966,0.399543
-0.736452,0.999954,0.246045,2,3,0,0.73654,0.41164
-0.663444,0.666667,0.246045,1,3,1,0.915578,0.265611
-0.660136,0.9997,0.246045,3,7,0,0.680492,0.154175
-0.676873,0.995559,0.246045,2,7,0,0.715664,0.302098
-0.671841,0.999858,0.246045,2,3,0,0.684691,0.289671
-0.657828,0.998867,0.246045,1,3,0,0.816639,0.161031
-0.659905,0.99992,0.246045,2,3,0,0.65996,0.1548
-0.852698,0.450916,0.246045,1,2,1,2.53621,0.569591
-0.91571,0.999547,0.246045,2,3,0,0.915766,0.644808
-0.998297,0.99922,0.246045,1,3,0,1.05369,0.737829
-1.01624,0.999906,0.246045,1,1,0,1.01627,0.757423
-0.687354,0.940129,0.246045,3,7,0,1.53646,0.325253
-0.737516,0.985984,0.246045,2,5,0,0.79479,0.413293
-0.86678,0.665557,0.246045,1,3,0,1.12263,0.586815
-0.706926,0.666667,0.246045,1,3,1,1.311,0.362711
-1.08878,0.485984,0.246045,1,2,1,3.26475,0.834944
-1.43301,0.999492,0.246045,2,5,0,1.59982,1.17941
-1.00536,0.999635,0.246045,2,7,0,1.73929,0.745563
-0.897537,0.999715,0.246045,2,5,0,1.11336,0.623571
-0.652616,0.749689,0.246045,2,4,1,1.19196,0.209206
-0.652404,0.999942,0.246045,2,5,0,0.654059,0.196234
-0.655056,0.999654,0.246045,2,7,0,0.659123,0.172047
-0.796676,0.420826,0.246045,3,7,0,0.987103,0.497849
-0.9839,0.665451,0.246045,1,3,1,1.42685,0.721964
-0.830418,0.999959,0.246045,2,5,0,1.00814,0.541741
-0.666736,0.998338,0.246045,2,7,0,1.10111,0.139614
-0.653179,0.994669,0.246045,3,7,0,0.754311,0.216636
-0.652744,0.99999,0.246045,2,3,0,0.653486,0.211304
-0.669127,0.997386,0.246045,1,3,0,0.710437,0.135406
-0.669127,0,0.246045,0,1,1,1.36395,0.135406
-0.669127,0,0.246045,0,1,1,1.78203,0.135406
-0.669127,0,0.246045,0,1,1,1.55443,0.135406
-0.685012,0.996752,0.246045,2,3,0,0.710476,0.114402
-0.685012,0,0.246045,0,1,1,1.01499,0.114402
-0.685012,0,0.246045,0,1,1,1.18949,0.114402
-0.790503,0.961372,0.246045,1,1,0,0.793388,0.0560305
-0.790503,0,0.246045,0,1,1,2.71611,0.0560305
-0.790503,0,0.246045,0,1,1,1.47609,0.0560305
-1.03141,0.808314,0.246045,2,7,0,1.39986,0.773859
-0.825695,0.768291,0.246045,2,7,0,1.03234,0.535732
-0.907993,0.998001,0.246045,3,7,0,1.1081,0.63583
-0.787108,0.999872,0.246045,3,7,0,0.961697,0.484941
-1.15652,0.996213,0.246045,2,5,0,1.21643,0.90532
-1.06661,0.857119,0.246045,2,7,1,1.21044,0.811523
-1.48118,0.997759,0.246045,2,7,0,1.75338,1.22564
-0.712643,0.749685,0.246045,2,4,1,3.00454,0.37274
-0.978261,0.993532,0.246045,2,5,0,1.16473,0.715714
-0.659055,0.999755,0.246045,2,7,0,1.06788,0.249927
-0.754966,0.96042,0.246045,1,3,0,1.07941,0.43959
-0.796165,0.999501,0.246045,3,7,0,0.831742,0.497166
-0.730197,0.5,0.246045,1,2,1,2.22816,0.0806634
-0.825337,0.930283,0.246045,1,1,0,0.866543,0.046467
-0.787151,0.271611,0.246045,1,2,1,2.69472,0.484999
-2.55848,0.984516,0.246045,3,9,0,2.74748,2.20493
-2.57132,0.999999,0.246045,4,15,0,2.5738,2.21622
-1.67418,0.999894,0.246045,2,7,0,2.9616,1.40774
-2.24415,0.888304,0.246045,3,9,1,2.70714,1.92645
-4.3481,0.888182,0.246045,3,9,1,4.90038,3.74243
-1.73725,0.999922,0.246045,3,13,0,5.43987,1.46635
-2.03455,0.999195,0.246045,2,7,0,2.68513,1.73822
-0.945685,0.888816,0.246045,3,9,1,2.31956,0.679171
-1.30077,0.998164,0.246045,2,5,0,1.33276,1.05047
-0.78506,0.749366,0.246045,2,4,1,2.89899,0.0577616
-0.78506,0,0.246045,0,1,1,1.12873,0.0577616
-0.858438,0.871918,0.246045,2,3,0,0.967156,0.0392648
-0.858438,0,0.246045,0,1,1,1.80364,0.0392648
-1.00708,0.548747,0.246045,1,1,0,1.66527,0.0196414
-0.663483,0.757375,0.246045,2,3,0,0.853959,0.265737
-1.28729,0.974499,0.246045,2,7,0,1.68235,1.03712
-1.10703,0.787886,0.246045,2,7,0,1.3083,0.854078
-2.16241,0.746624,0.246045,2,4,1,4.32567,1.85332
-3.16362,0.99862,0.246045,3,15,0,4.76169,2.73189
-1.13949,0.999974,0.246045,3,9,0,3.39473,0.887791
-0.800218,0.833333,0.246045,2,6,1,1.1788,0.50257
-1.03277,0.997596,0.246045,2,7,0,1.12871,0.775317
-1.13048,0.999347,0.246045,1,3,0,1.20039,0.878469
-1.48208,0.998965,0.246045,3,7,0,1.5109,1.2265
-1.49204,0.999981,0.246045,1,1,0,1.49442,1.23601
-1.08798,0.666667,0.246045,1,3,1,3.01909,0.834104
-1.56351,0.832574,0.246045,2,6,1,1.63929,1.30388
-1.58914,0.999963,0.246045,2,3,0,1.60415,1.32806
-0.990275,0.999869,0.246045,2,7,0,1.76018,0.729005
-0.729646,0.999566,0.246045,2,5,0,1.14969,0.400917
-0.734401,0.999899,0.246045,2,3,0,0.741844,0.408437
-0.664309,0.999946,0.246045,2,7,0,0.751229,0.268368
-0.690298,0.5,0.246045,1,2,1,0.886189,0.109051
-0.830051,0.932218,0.246045,1,1,0,0.843611,0.0453435
-0.939426,0.761789,0.246045,1,1,0,1.25148,0.0266658
-0.676566,1,0.246045,1,1,0,0.819632,0.124396
-0.77435,0.450136,0.246045,1,2,1,1.91791,0.467341
-0.719399,0.74949,0.246045,2,4,1,0.998102,0.0868848
-0.813059,0.687289,0.246045,2,4,1,1.19203,0.51945
-0.656474,0.998642,0.246045,2,7,0,1.01822,0.165875
-1.14219,0.715002,0.246045,2,4,1,1.49357,0.890578
-0.680677,0.749716,0.246045,2,4,1,1.78017,0.310857
-0.693457,0.992724,0.246045,2,7,0,1.0376,0.10611
-0.693457,0,0.246045,0,1,1,1.8161,0.10611
-0.693457,0,0.246045,0,1,1,1.06737,0.10611
-0.693457,0,0.246045,0,1,1,0.968953,0.10611
-0.751895,0.99026,0.246045,2,3,0,0.755333,0.0701813
-2.02216,0.661123,0.246045,3,8,1,2.06904,1.72701
-1.9052,0.999953,0.246045,3,7,0,2.14735,1.62073
-1.91045,0.999998,0.246045,2,3,0,1.91506,1.62552
-1.77856,0.999937,0.246045,1,3,0,2.00814,1.50455
-2.08759,0.833105,0.246045,2,6,1,2.78975,1.78608
-1.59054,0.874948,0.246045,3,8,1,2.42352,1.32938
-1.26341,0.857122,0.246045,2,7,1,1.71732,1.01338
-1.11764,0.833283,0.246045,2,6,1,1.43027,0.865143
-1.23447,0.999697,0.246045,3,7,0,1.27763,0.984435
-1.37196,0.999807,0.246045,3,7,0,1.37939,1.12028
-0.994612,0.999974,0.246045,2,5,0,1.40685,0.73378
-0.996681,0.999989,0.246045,1,1,0,1.00052,0.736054
-1.53571,0.798736,0.246045,2,5,1,2.06868,1.27756
-1.31992,0.999984,0.246045,2,5,0,1.56805,1.06935
-1.80568,0.998673,0.246045,2,7,0,2.15406,1.52953
-1.29642,0.666667,0.246045,1,3,1,4.05617,1.04616
-1.11197,0.933111,0.246045,3,15,1,1.58227,0.859232
-0.710558,0.8,0.246045,2,5,1,1.21194,0.369119
-1.0142,0.490743,0.246045,1,2,1,2.44273,0.755209
-0.906583,0.833333,0.246045,2,6,1,1.01701,0.634183
-0.731888,0.999842,0.246045,2,5,0,0.966613,0.404479
-0.734145,0.999733,0.246045,2,3,0,0.756159,0.408036
-1.00492,0.995281,0.246045,2,7,0,1.18063,0.745079
-0.741303,0.666667,0.246045,1,3,1,1.99142,0.419125
-2.17508,0.876523,0.246045,3,9,1,2.26254,1.86468
-2.28302,0.999969,0.246045,3,7,0,2.2832,1.96112
-2.16734,0.999972,0.246045,1,3,0,2.34702,1.85774
-2.94338,0.999358,0.246045,2,7,0,3.1784,2.54123
-2.57244,0.888802,0.246045,3,9,1,3.89191,2.21721
-3.10463,0.99911,0.246045,3,15,0,5.15392,2.68094
-1.24509,0.53349,0.246045,4,15,0,1.80197,0.00712066
-0.716145,1,0.246045,1,1,0,2.09174,0.378729
-0.689821,0.999692,0.246045,2,7,0,0.748047,0.109512
-0.73168,0.995477,0.246045,3,7,0,0.733821,0.0798681
-0.655651,1,0.246045,2,7,0,0.730685,0.234233
-0.797034,0.991152,0.246045,2,5,0,0.906258,0.498327
-0.755812,0.999906,0.246045,1,3,0,0.813663,0.440831
-1.17703,0.746423,0.246045,2,4,1,1.60275,0.926311
-1.00988,0.999525,0.246045,2,7,0,1.42734,0.750503
-0.907368,0.999755,0.246045,2,5,0,1.10409,0.6351
-0.656398,0.75,0.246045,2,4,1,1.00005,0.166172
-0.712435,0.992147,0.246045,2,7,0,0.783805,0.37238
-0.940788,0.995371,0.246045,2,7,0,1.07506,0.673609
-0.875214,0.999779,0.246045,3,7,0,1.02803,0.597005
-1.14568,0.66526,0.246045,1,3,1,1.95541,0.894169
-1.51596,0.798757,0.246045,2,5,1,2.75869,1.2588
-1.1451,0.714286,0.246045,2,7,0,1.70834,0.893576
-2.11474,0.887178,0.246045,3,9,1,2.14862,1.81051
-2.09795,1,0.246045,1,1,0,2.11597,1.79541
-1.89299,0.999862,0.246045,2,7,0,2.37254,1.60958
-1.87647,0.999965,0.246045,2,3,0,1.94803,1.59449
-1.53668,0.999929,0.246045,2,5,0,1.99986,1.27848
-0.809325,0.75,0.246045,2,4,1,2.72658,0.514579
-0.710474,1,0.246045,1,3,0,0.981767,0.368972
-0.957564,0.995807,0.246045,2,5,0,0.983346,0.692587
-0.712264,0.799882,0.246045,2,5,1,1.10919,0.372085
-0.773812,0.996854,0.246045,3,7,0,0.929756,0.466587
-0.773812,0.490229,0.246045,1,2,1,3.70801,0.466587
-0.656887,0.5,0.246045,1,2,1,1.59763,0.164313
-0.691124,0.342924,0.246045,2,3,0,0.955905,0.332942
-0.774226,0.874332,0.246045,3,7,0,0.922727,0.467168
-0.654177,0.5,0.246045,1,2,1,1.30053,0.225095
-0.738352,0.609129,0.246045,2,3,0,0.849272,0.0764453
-0.711484,0.424422,0.246045,1,2,1,1.55888,0.370733
-0.72931,0.999566,0.246045,3,7,0,0.761602,0.40038
-0.734712,0.999904,0.246045,1,1,0,0.735141,0.408925
-0.893021,0.665085,0.246045,1,3,1,1.27925,0.618242
-0.842404,1,0.246045,2,3,0,0.89334,0.556821
-0.833825,1,0.246045,1,1,0,0.842988,0.546051
-0.876043,0.999527,0.246045,2,3,0,0.894348,0.598002
-0.911507,0.999807,0.246045,2,3,0,0.915397,0.639925
-0.764282,0.998833,0.246045,2,7,0,1.20724,0.453095
-1.0129,0.997309,0.246045,3,7,0,1.03551,0.753796
-1.027,0.999929,0.246045,1,1,0,1.02741,0.769087
-0.85347,1,0.246045,2,7,0,1.0605,0.570542
-0.960063,0.99877,0.246045,2,5,0,1.07651,0.695395
-1.54924,0.831905,0.246045,2,6,1,1.72107,1.29038
-1.79955,0.833099,0.246045,2,6,1,2.26528,1.52389
-1.34162,0.999789,0.246045,2,7,0,2.09647,1.09065
-1.07974,0.799857,0.246045,2,5,1,1.96611,0.825422
-1.21277,0.99927,0.246045,2,5,0,1.35265,0.962595
-1.62147,0.832944,0.246045,2,6,1,1.8597,1.35845
-2.09152,0.999089,0.246045,2,7,0,2.38139,1.78962
-3.58937,0.998795,0.246045,3,11,0,4.10527,3.09762
-3.43754,0.999995,0.246045,3,7,0,3.65205,2.96758
-3.41015,1,0.246045,1,1,0,3.43767,2.94408
-3.14825,0.999997,0.246045,2,5,0,3.44686,2.71863
-3.21094,0.999984,0.246045,2,3,0,3.21874,2.77272
-2.11891,0.9999,0.246045,3,11,0,3.82425,1.81426
-2.63437,0.999609,0.246045,2,5,0,2.69194,2.27159
-2.00846,0.899988,0.246045,3,10,1,2.75572,1.7146
-0.657226,0.999887,0.246045,3,9,0,2.27958,0.2421
-0.654045,0.999979,0.246045,2,5,0,0.658469,0.177663
-0.654045,0,0.246045,0,1,1,1.82826,0.177663
-0.652736,0.999613,0.246045,3,7,0,0.663424,0.189226
-0.653067,0.999431,0.246045,3,7,0,0.66742,0.215432
-0.666091,0.999507,0.246045,3,7,0,0.669169,0.273806
-0.654109,0.997109,0.246045,1,3,0,0.746626,0.177262
-0.654799,0.999937,0.246045,2,3,0,0.655421,0.173345
-0.657565,0.997062,0.246045,2,7,0,0.703054,0.243636
-0.774836,0.392731,0.246045,2,3,0,1.23827,0.46802
-0.675549,0.998205,0.246045,2,7,0,1.0186,0.298931
-0.762014,0.665111,0.246045,1,3,1,0.957024,0.449837
-0.664376,0.995936,0.246045,2,5,0,0.791994,0.144226
-0.738598,0.474152,0.246045,1,2,1,1.44065,0.414967
-0.748699,0.999833,0.246045,1,1,0,0.748699,0.430308
-1.81153,0.73652,0.246045,2,4,1,2.75062,1.53492
-2.23013,0.999629,0.246045,3,7,0,2.23102,1.91393
-1.303,0.999997,0.246045,4,15,0,2.26454,1.05266
-0.955885,0.666667,0.246045,1,3,1,2.52841,0.690697
-0.939501,1,0.246045,1,1,0,0.95583,0.672145
-0.863745,0.971453,0.246045,2,7,0,0.939058,0.583125
-1.67735,0.79335,0.246045,2,5,1,3.11155,1.4107
-1.7328,0.999894,0.246045,2,3,0,1.76933,1.46224
-1.21516,0.857143,0.246045,2,7,1,1.82119,0.965
-0.886209,0.833333,0.246045,2,6,1,1.24053,0.610161
-1.08003,0.997119,0.246045,2,7,0,1.48224,0.825725
-0.652993,0.75,0.246045,2,4,1,1.2996,0.186103
-0.838619,0.734436,0.246045,2,4,1,1.082,0.552085
-1.14723,0.997913,0.246045,3,7,0,1.14731,0.895775
-1.36093,0.999493,0.246045,2,5,0,1.74828,1.10953
-1.59148,0.999016,0.246045,2,7,0,2.00408,1.33025
-1.12377,0.999741,0.246045,2,7,0,1.94023,0.871509
-1.9269,0.996883,0.246045,2,7,0,2.27995,1.64052
-2.81354,0.832963,0.246045,2,6,1,4.06173,2.42827
-2.37934,0.888763,0.246045,3,9,1,4.16547,2.04672
-1.48006,0.999899,0.246045,3,9,0,2.79165,1.22457
-2.11612,0.799488,0.246045,2,5,1,2.74711,1.81175
-2.41736,0.857018,0.246045,2,7,1,3.04818,2.0804
-2.4407,0.999984,0.246045,1,1,0,2.44104,2.10104
-2.42391,1,0.246045,1,1,0,2.4421,2.0862
-2.45073,0.999982,0.246045,1,1,0,2.45081,2.10992
-2.4449,1,0.246045,1,1,0,2.45555,2.10476
-2.44493,1,0.246045,1,1,0,2.45236,2.10478
-2.82667,0.857015,0.246045,2,7,1,3.84695,2.43971
-2.94053,0.99993,0.246045,1,3,0,2.99658,2.53876
-2.4687,0.83329,0.246045,2,6,1,4.54171,2.12579
-2.4527,1,0.246045,1,1,0,2.47029,2.11166
-1.96413,0.99991,0.246045,2,7,0,2.74894,1.67439
-0.841271,0.874939,0.246045,3,8,1,2.30554,0.555406
-1.19578,0.998466,0.246045,2,7,0,1.43904,0.945395
-1.28131,0.857047,0.246045,2,7,1,1.32306,1.03119
-0.920038,0.997695,0.246045,4,15,0,2.68202,0.649818
-1.09118,0.799231,0.246045,2,5,1,1.38539,0.837472
-0.796611,0.666667,0.246045,1,3,1,2.16635,0.497762
-1.23438,0.796302,0.246045,2,5,1,1.65818,0.984345
-1.25387,0.999981,0.246045,2,3,0,1.25403,1.00387
-1.50743,0.856855,0.246045,2,7,0,1.56771,1.25068
-1.16732,0.833333,0.246045,2,6,1,1.65795,0.916389
-1.61665,0.998687,0.246045,2,5,0,1.67314,1.35392
-1.7384,0.999733,0.246045,1,3,0,1.82228,1.46742
-1.79652,0.999899,0.246045,2,3,0,1.83272,1.52111
-2.96275,0.999012,0.246045,3,9,0,3.21443,2.55805
-2.98657,0.999989,0.246045,1,1,0,2.98698,2.57871
-1.76463,0.833269,0.246045,2,6,1,5.56678,1.49168
-2.06546,0.83311,0.246045,2,6,1,2.72944,1.76612
-2.0729,0.999993,0.246045,1,1,0,2.07682,1.77284
-1.95958,0.999966,0.246045,1,3,0,2.13607,1.67026
-1.91879,0.999999,0.246045,3,7,0,1.971,1.63313
-2.33006,0.999564,0.246045,2,7,0,2.51945,2.00297
-0.765818,0.999984,0.246045,3,9,0,2.06376,0.0645304
-0.765818,0.284418,0.246045,1,2,1,3.24131,0.0645304
-0.879323,0.617,0.246045,2,4,1,1.48272,0.601939
-1.29711,0.997744,0.246045,2,5,0,1.63242,1.04684
-0.876869,0.999491,0.246045,2,7,0,1.63404,0.598994
-1.08907,0.799427,0.246045,2,5,1,1.14914,0.835249
-0.89748,0.999115,0.246045,2,7,0,1.47312,0.623504
-1.09364,0.99721,0.246045,2,7,0,1.49945,0.840052
-0.811187,0.666667,0.246045,1,3,1,2.05922,0.517012
-0.809075,1,0.246045,1,1,0,0.813607,0.514252
-1.09406,0.664379,0.246045,1,3,1,2.08712,0.840497
-1.30508,0.99842,0.246045,2,7,0,1.69542,1.05472
-1.31632,0.999971,0.246045,1,1,0,1.31801,1.0658
-2.01832,0.888165,0.246045,3,9,1,2.01852,1.72354
-2.00169,1,0.246045,3,7,0,2.01953,1.70847
-1.91118,0.999985,0.246045,1,3,0,2.03598,1.62619
-1.21387,0.833333,0.246045,2,6,1,2.1367,0.963705
-1.13986,1,0.246045,2,3,0,1.21434,0.888172
-1.73423,0.996883,0.246045,2,7,0,2.34428,1.46356
-1.4458,0.999962,0.246045,2,5,0,1.8131,1.19172
-1.69786,0.999441,0.246045,3,7,0,1.83159,1.4298
-1.73865,0.99991,0.246045,2,3,0,1.78121,1.46765
-1.05594,0.833333,0.246045,2,6,1,1.97337,0.800168
-0.780556,0.999979,0.246045,2,5,0,1.07444,0.475961
-0.672751,0.749496,0.246045,2,4,1,1.07334,0.292002
-0.672751,0,0.246045,0,1,1,2.39039,0.292002
-0.864253,0.993497,0.246045,2,7,0,0.995303,0.583744
-0.663693,0.999363,0.246045,2,7,0,1.01875,0.266413
-0.762657,0.745258,0.246045,2,4,1,1.06638,0.450762
-0.807786,0.914074,0.246045,2,7,0,0.828633,0.512562
-2.53244,0.879195,0.246045,3,9,1,2.56862,2.182
-2.50249,1,0.246045,1,1,0,2.53242,2.15561
-1.82691,0.857116,0.246045,2,7,1,3.17753,1.54905
-2.21462,0.999553,0.246045,2,7,0,2.37899,1.90008
-1.94476,0.999986,0.246045,2,5,0,2.26658,1.65678
-0.653311,0.999976,0.246045,4,15,0,2.02075,0.217957
-0.789354,0.97629,0.246045,2,5,0,0.810592,0.487992
-0.891276,0.998344,0.246045,3,7,0,1.00484,0.616177
-0.891925,0.999995,0.246045,1,1,0,0.89576,0.616945
-0.747721,0.998725,0.246045,2,7,0,1.19306,0.428844
-0.750239,0.999987,0.246045,2,3,0,0.751756,0.432606
-0.806481,0.964379,0.246045,2,7,0,0.806672,0.510848
-0.806481,0,0.246045,0,1,1,4.82994,0.510848
-0.683673,0.998172,0.246045,2,7,0,1.06138,0.115854
-0.683673,0,0.246045,0,1,1,0.904067,0.115854
-0.66273,0.368099,0.246045,2,3,0,0.874505,0.263266
-0.723808,0.5,0.246045,1,2,1,0.931447,0.0842478
-0.660423,1,0.246045,3,7,0,0.730738,0.255187
-0.749375,0.997584,0.246045,3,7,0,0.751953,0.431318
-1.24413,0.992946,0.246045,2,7,0,1.40183,0.994129
-1.97724,0.998997,0.246045,4,15,0,1.99224,1.6863
-2.11184,0.999806,0.246045,1,3,0,2.21027,1.80791
-3.86508,0.998706,0.246045,3,11,0,4.66513,3.33283
-3.01884,0.857143,0.246045,2,7,1,4.88729,2.60668
-3.42543,0.999836,0.246045,2,7,0,3.58295,2.95719
-3.56197,0.999938,0.246045,1,3,0,3.64855,3.07418
-2.7348,0.888854,0.246045,3,9,1,4.54846,2.35953
-2.59059,0.999967,0.246045,1,3,0,2.84157,2.23315
-1.98111,1,0.246045,2,7,0,3.10505,1.68981
-2.27509,0.857002,0.246045,2,7,1,2.88412,1.95406
-2.53863,0.999636,0.246045,2,7,0,2.99869,2.18746
-1.32853,0.833333,0.246045,2,6,1,3.45079,1.07781
-1.26099,0.999525,0.246045,4,15,0,1.83058,1.01098
-1.06485,0.85713,0.246045,2,7,1,1.29202,0.80965
-1.44324,0.998319,0.246045,2,7,0,1.66039,1.18925
-1.18417,0.99995,0.246045,2,5,0,1.51094,0.933592
-1.08044,0.999883,0.246045,3,7,0,1.27987,0.826154
-1.3793,0.932706,0.246045,3,15,1,1.49419,1.12743
-1.45483,0.99981,0.246045,1,3,0,1.48032,1.20039
-1.04947,0.933189,0.246045,3,15,1,1.7139,0.793255
-0.911307,0.799896,0.246045,2,5,1,1.23485,0.639692
-1.31301,0.832253,0.246045,2,6,1,1.36848,1.06254
-1.10609,0.799901,0.246045,2,5,1,1.6828,0.853092
-0.731563,0.5,0.246045,1,2,1,3.04211,0.403965
-0.925129,0.832072,0.246045,2,6,1,0.932172,0.655689
-1.00698,0.999259,0.246045,1,3,0,1.06013,0.747341
-1.00484,1,0.246045,2,3,0,1.01084,0.744998
-0.807708,0.666667,0.246045,1,3,1,1.48048,0.51246
-1.12007,0.996547,0.246045,2,7,0,1.3138,0.867669
-1.21865,0.999485,0.246045,1,3,0,1.2836,0.968522
-1.28076,0.999706,0.246045,3,7,0,1.40308,1.03064
-1.11662,1,0.246045,3,7,0,1.28242,0.864082
-1.54977,0.79936,0.246045,2,5,1,1.84218,1.29088
-1.52493,1,0.246045,1,1,0,1.54974,1.26732
-1.50583,1,0.246045,1,1,0,1.52532,1.24915
-1.52028,0.999918,0.246045,2,3,0,1.57169,1.2629
# 
#  Elapsed Time: 0.109 seconds (Warm-up)
#                37.569 seconds (Sampling)
#                37.678 seconds (Total)
# 
